17

343 1579
251 186
17 294
329 175
216 57
102 340
290 15
222 120
223 266
336 337
210 310
335 162
268 320
13 334
137 111
55 247
20 75
98 45
44 177
43 235
323 139
338 286
141 257
56 306
242 216
170 141
244 321
311 102
232 152
141 169
329 89
292 43
187 343
27 219
230 267
30 265
204 22
6 205
99 253
28 295
12 41
305 49
201 224
184 40
325 297
88 249
137 91
63 234
267 276
90 7
334 284
85 272
89 312
183 9
120 23
323 209
312 286
148 343
222 314
169 257
247 342
141 219
59 318
244 303
282 83
74 324
2 82
8 170
122 223
341 96
18 197
249 52
30 73
20 333
32 275
289 164
130 22
227 295
249 227
303 335
142 316
181 180
21 283
265 284
157 171
12 165
89 192
258 182
147 90
12 308
248 131
57 278
332 117
269 47
312 324
297 318
65 199
157 164
32 8
88 213
19 242
239 301
187 206
188 48
259 94
211 145
272 123
238 32
113 332
189 47
320 162
141 230
141 343
255 306
276 127
149 247
5 18
82 241
68 300
305 86
161 201
173 114
148 49
249 94
31 73
234 71
72 182
118 327
105 261
144 45
256 257
96 155
179 110
129 243
79 4
227 135
338 126
30 45
106 226
87 68
326 18
147 275
132 146
64 45
319 49
21 236
115 193
223 96
280 287
196 6
313 217
223 314
177 172
202 188
154 244
89 179
200 319
299 53
284 76
193 14
336 205
12 98
87 272
275 154
225 177
8 319
1 320
131 14
43 144
281 240
320 85
322 59
308 321
137 240
96 49
25 251
336 53
176 277
267 146
217 137
110 11
198 339
337 202
1 296
247 39
13 246
107 298
77 248
278 250
158 234
276 283
270 21
181 11
38 81
47 280
111 319
150 19
86 11
35 29
24 51
297 251
63 265
108 179
112 295
262 234
246 137
79 150
326 319
85 44
147 18
150 45
73 48
119 71
18 236
259 161
324 297
247 163
34 300
121 328
24 223
336 17
120 211
193 227
67 131
310 240
224 204
281 36
123 25
158 183
141 37
112 219
161 98
183 202
206 25
303 107
234 302
272 186
36 35
239 211
150 63
81 145
194 29
178 268
34 80
1 269
202 92
295 67
235 28
152 173
317 35
174 73
30 178
274 278
336 329
69 46
342 132
273 214
296 113
4 322
337 41
67 88
261 184
190 278
157 119
32 69
214 136
312 128
23 281
171 71
154 21
275 101
227 205
82 290
108 133
182 201
42 218
189 153
209 240
284 179
288 182
118 144
264 191
67 296
80 242
214 109
291 106
295 153
83 140
55 114
41 205
100 21
340 145
253 38
55 165
294 189
118 26
179 130
226 251
133 9
38 1
169 182
256 317
341 321
94 139
332 127
339 151
107 339
59 20
311 321
52 285
231 244
164 51
241 202
105 80
199 337
129 224
311 45
41 6
79 49
231 271
162 104
272 291
130 129
72 266
116 42
107 146
96 22
97 152
86 170
62 181
10 330
193 58
236 325
111 285
115 99
290 4
159 316
245 290
330 133
229 56
276 268
84 26
304 139
14 144
15 249
159 148
103 112
67 269
36 123
220 309
132 268
317 195
338 127
251 28
241 38
24 220
125 310
205 137
69 196
235 228
114 41
77 260
207 74
123 241
239 16
189 4
179 231
256 242
40 191
232 209
217 22
180 142
230 321
165 175
234 93
327 303
106 287
342 84
292 294
245 194
32 46
42 3
255 14
292 4
228 108
177 279
86 331
292 107
76 168
4 234
151 304
121 159
136 252
9 114
101 1
127 235
152 249
223 201
208 201
42 83
146 92
259 218
298 291
302 92
95 144
298 121
11 129
87 146
239 47
326 159
39 275
165 95
277 232
232 198
306 203
162 324
93 177
9 130
288 268
74 206
115 77
227 273
175 17
35 249
71 160
297 227
299 131
320 12
67 127
160 240
215 47
220 90
258 206
205 213
318 268
73 213
77 336
210 179
242 173
266 112
273 226
61 131
137 184
271 301
331 126
102 21
308 233
228 331
279 303
166 287
195 147
341 208
53 204
38 293
83 243
309 40
312 260
111 124
294 121
69 258
288 162
257 67
121 211
92 340
298 153
3 317
7 168
168 267
300 325
212 39
51 300
73 259
327 248
134 343
192 202
218 236
295 277
316 299
320 249
54 196
202 245
264 91
84 241
342 323
156 72
122 287
290 172
120 233
213 335
50 227
175 50
282 180
204 228
48 343
249 40
40 13
122 220
68 112
219 342
275 109
276 101
278 321
215 80
184 49
108 304
126 83
8 78
247 159
194 265
235 2
23 302
47 164
75 231
229 12
261 257
66 164
95 51
44 217
128 329
215 241
131 158
244 234
176 143
63 131
31 180
114 256
24 115
26 283
156 61
250 253
234 83
93 321
331 1
245 6
269 331
239 151
39 26
97 247
225 58
306 285
71 208
66 7
303 342
215 127
298 178
246 201
304 149
125 291
331 6
243 287
300 97
342 151
277 260
338 242
230 300
12 119
5 16
100 146
217 333
316 7
300 278
16 331
108 276
335 127
47 203
12 292
195 71
167 215
289 318
130 144
206 191
213 87
31 48
89 217
327 192
224 276
216 67
85 308
54 140
275 337
295 178
136 17
83 258
338 6
265 318
110 151
336 48
121 36
253 106
166 249
95 173
271 91
276 22
314 321
5 11
64 142
77 30
209 304
91 142
129 58
330 208
242 46
231 16
255 158
147 1
58 115
285 147
67 112
105 197
15 175
144 252
9 152
212 302
219 180
76 160
8 320
190 168
155 70
341 196
197 26
165 33
85 207
16 228
113 62
204 262
187 141
140 240
254 274
93 176
43 17
296 264
297 81
6 310
145 253
48 51
270 203
308 58
136 235
299 329
106 207
327 127
112 175
113 55
64 2
321 34
284 82
100 77
67 329
33 28
217 226
146 222
75 204
225 98
173 130
198 138
147 249
338 82
141 42
110 203
37 233
135 219
20 166
332 208
152 278
219 155
95 142
297 67
171 284
197 245
180 83
219 8
140 270
14 222
215 60
46 160
216 278
161 96
332 207
23 176
207 151
319 260
122 192
73 87
119 166
47 112
324 317
343 115
199 270
62 2
45 58
321 132
139 189
258 216
189 133
254 270
127 4
334 91
191 141
68 3
309 210
204 8
249 196
238 294
76 82
74 8
3 134
331 100
245 33
83 314
168 220
10 316
78 64
51 210
234 286
110 62
314 150
245 323
52 115
91 40
291 103
129 320
61 166
10 30
108 135
327 88
276 256
133 303
213 17
286 185
147 200
135 76
153 130
202 149
59 171
191 256
286 91
162 93
77 78
189 319
138 210
159 45
92 64
148 338
99 159
262 185
134 26
99 236
64 282
201 151
202 239
135 156
182 217
95 171
191 80
122 297
333 319
210 129
175 91
94 137
222 66
262 67
287 89
273 176
204 131
66 188
15 245
222 299
295 30
99 60
27 267
85 113
74 191
43 94
320 166
321 336
142 155
81 237
200 269
299 149
75 49
97 158
165 156
214 184
27 256
48 139
29 103
76 134
98 288
283 43
179 106
156 220
7 250
192 340
11 255
89 166
39 7
114 307
208 239
51 286
35 15
122 322
260 69
224 286
167 214
211 8
179 115
129 240
203 329
296 181
170 89
280 68
246 23
40 271
338 12
305 221
217 19
146 128
256 283
166 199
53 228
85 307
206 252
289 310
58 279
198 239
260 81
81 97
65 274
321 69
289 237
292 117
174 142
250 71
204 79
223 189
61 125
136 268
272 257
316 339
280 193
100 81
56 215
168 155
32 320
84 201
198 49
109 63
95 331
303 227
243 269
78 134
145 146
312 72
244 181
57 123
10 73
322 144
268 303
182 278
280 207
155 304
140 241
294 272
226 272
118 185
310 229
58 2
131 328
202 223
34 106
246 330
306 192
127 104
190 200
323 297
200 103
242 171
299 27
320 150
71 155
57 339
245 287
121 289
157 153
51 288
132 103
65 140
249 18
70 96
254 214
298 282
144 113
292 137
47 106
199 272
291 115
193 258
195 34
224 45
7 44
263 30
40 8
107 38
51 342
278 116
120 221
96 326
97 72
312 168
155 37
273 144
183 62
222 15
279 92
120 6
282 285
193 283
302 167
330 148
134 186
255 210
2 210
187 338
210 154
69 154
126 325
54 43
228 297
5 200
123 187
252 285
310 271
218 222
178 72
14 169
229 241
113 163
230 271
217 253
183 330
41 47
6 193
248 218
185 341
243 148
121 317
67 66
112 195
296 10
188 40
107 56
183 210
67 301
50 152
179 17
126 312
147 56
275 111
313 288
172 208
289 287
92 165
205 24
98 50
100 306
338 46
180 167
1 134
40 103
24 289
171 25
104 91
214 153
58 64
190 150
340 329
217 207
201 5
129 235
322 169
327 291
34 40
248 87
253 218
110 246
79 322
48 158
272 1
74 181
152 140
53 143
36 73
252 289
199 234
219 101
241 48
326 188
271 286
313 89
115 293
171 23
330 233
143 229
2 177
231 70
235 131
327 199
227 336
246 92
321 192
157 271
106 252
31 266
142 267
182 313
176 4
214 307
306 48
325 303
113 320
323 194
120 270
106 289
209 40
27 33
128 50
147 270
239 124
276 234
157 42
148 87
33 100
200 94
114 73
295 337
244 271
284 339
56 89
289 323
145 70
95 206
133 82
199 44
12 255
14 239
180 130
75 92
340 261
69 193
231 109
199 313
43 270
191 341
199 206
303 114
44 295
303 220
106 120
144 128
277 103
64 87
263 84
11 7
3 22
184 315
61 11
159 110
14 306
80 341
28 45
70 5
198 78
332 174
116 184
99 64
118 172
212 222
324 77
292 150
330 289
73 1
8 298
279 34
301 113
177 218
131 123
132 139
278 254
330 217
77 300
10 231
48 62
274 253
59 235
252 165
287 43
19 179
46 326
284 85
32 38
307 236
200 18
72 44
71 12
291 247
55 317
153 301
248 184
261 319
174 275
144 290
109 48
255 81
55 20
282 199
145 325
1 216
60 48
119 317
194 321
56 290
132 322
316 236
232 281
37 6
259 20
206 235
337 264
49 156
141 185
53 55
95 123
172 94
286 210
3 313
35 232
203 212
84 238
180 204
37 144
99 20
286 193
265 183
89 14
253 173
311 326
330 111
212 332
292 177
242 218
172 228
321 233
175 41
124 301
286 100
197 252
63 297
322 245
342 240
205 253
209 250
286 333
205 259
269 309
191 83
137 71
175 54
16 175
58 150
131 52
197 315
162 271
2 315
150 276
125 328
279 194
159 206
93 235
3 159
195 250
124 121
55 286
137 72
164 92
172 284
136 31
33 70
326 278
238 9
120 243
29 50
274 260
49 322
82 339
13 169
343 24
120 28
301 185
220 15
25 15
99 48
51 54
168 25
27 172
123 263
342 50
144 85
272 154
220 301
16 159
184 59
197 278
220 6
192 297
174 105
293 188
90 18
143 12
128 182
75 145
281 101
140 339
331 129
227 228
65 193
160 59
87 37
5 320
37 166
279 233
264 201
163 167
116 272
248 136
179 103
115 15
304 313
234 54
270 136
281 31
309 100
222 272
171 15
157 80
235 234
328 109
146 140
149 129
137 28
123 298
159 312
313 124
146 338
96 264
314 179
64 188
109 175
268 270
288 15
184 208
189 321
108 279
96 33
245 21
161 46
63 319
329 106
166 194
43 78
313 324
304 311
330 90
156 5
303 214
252 241
242 59
207 161
101 313
212 284
268 107
177 320
206 92
11 316
33 237
159 302
221 182
315 49
335 327
178 190
329 314
228 303
114 233
261 252
110 331
56 263
311 156
320 59
119 323
307 295
240 317
44 287
245 127
300 177
249 116
232 220
235 57
192 148
329 256
99 208
322 100
140 35
154 195
337 248
13 241
199 191
114 136
191 28
232 82
305 343
72 38
75 285
132 236
196 321
87 278
187 142
264 11
326 130
110 175
283 150
289 246
115 81
61 21
83 120
181 326
59 227
187 22
5 99
262 343
135 223
32 62
56 4
258 125
279 74
9 143
85 55
94 191
99 304
210 318
50 257
1 322
270 209
250 214
20 67
137 188
134 206
301 289
106 68
144 228
4 59
50 242
142 169
54 95
98 189
117 186
9 1
246 109
50 312
201 247
296 136
324 139
328 206
207 227
267 93
180 263
255 215
330 250
156 312
216 136
12 43
164 101
166 266
225 113
12 49
270 163
184 32
295 233
335 310
161 304
182 240
75 103
5 165
195 331
323 286
90 63
92 148
102 208
250 114
13 182
287 102
98 302
285 193
76 77
333 47
151 40
137 215
43 230
18 316
309 272
86 269
250 24
111 255
96 231
48 122
122 209
177 151
195 304
323 263
144 88
182 21
113 306
178 238
16 162
153 79
318 324
174 311
105 153
312 285
138 185
255 194
103 14
328 268
117 291
176 149
162 88
211 311
91 285
326 211
1 53
148 204
315 174
71 222
112 21
60 301
104 228
195 120
64 199
126 94
80 268
269 334
144 62
148 203
8 200
338 252
342 74
7 129
250 150
131 144
276 230
217 61
325 292
234 296
24 246
57 98
171 166
269 216
43 285
117 318
317 257
305 87
16 313
34 19
108 87
93 293
204 181
207 301
284 125
108 281
226 196
161 20
238 42
200 168
55 143
77 158
107 241
126 224
134 254
203 108
189 177
47 258
213 59
254 322
1 17
205 208
195 199
195 282
143 26
57 298
257 312
313 1
45 127
323 184
54 312
149 33
5 295
339 88
152 234
320 182
285 338
286 21
215 145
327 8
299 154
17 321
99 68
83 219
213 198
22 231
211 170
122 166
340 270
149 180
179 66
292 291
312 44
247 25
88 8
288 21
259 75
155 295
304 181
114 225
271 63
265 114
323 113
56 73
7 219
10 77
49 30
52 61
93 258
245 71
251 151
181 21
185 82
123 337
51 236
84 159
322 124
127 270
164 260
292 238
205 70
315 71
62 106
329 300
216 261
74 120
84 225
73 49
201 196
315 92
26 300
303 269
343 209
240 291
22 325
192 75
163 145
54 287
3 165
79 269
219 333
296 243
221 146
86 196
300 332
247 8
342 307
134 207
28 51

262 160
16 183
183 6
23 184
184 37
93 185
185 61
39 186
186 35
86 187
187 107
69 188
188 108
96 189
189 123
126 190
190 23
34 191
191 52
152 192
192 79
61 193
193 86
16 194
194 182
86 195
195 114
162 196
196 163
58 197
197 164
90 198
198 113
109 199
199 126
72 200
200 141
51 201
201 129
121 202
202 1
126 203
203 45
124 204
204 82
78 205
205 177
76 206
206 66
98 207
207 41
89 208
208 165
86 209
209 122
38 210
210 63
28 211
211 118
35 212
212 86
113 213
213 56
35 214
214 137
56 215
215 114
94 216
216 30
73 217
217 133
31 218
218 7
161 219
219 62
54 220
220 64
31 221
221 170
116 222
222 176
20 223
223 58
112 224
224 171
43 225
225 41
108 226
226 33
98 227
227 34
78 228
228 37
173 229
229 97
54 230
230 49
98 231
231 94
71 232
232 135
104 233
233 159
60 234
234 118
127 235
235 76
64 236
236 119
134 237
237 66
70 238
238 109
173 239
239 105
156 240
240 150
88 241
241 128
156 242
242 94
43 243
243 62
130 244
244 149
70 245
245 50
105 246
246 84
132 247
247 83
19 248
248 93
125 249
249 51
109 250
250 4
96 251
251 120
47 252
252 160
31 253
253 111
111 254
254 129
135 255
255 132
109 256
256 145
10 257
257 142
86 258
258 149
105 259
259 18
92 260
260 23
25 261
261 124
73 262
262 177

365 1953
13 108
73 276
354 161
176 27
251 299
87 346
133 106
193 150
219 12
130 170
335 296
176 190
232 145
343 231
42 235
208 170
229 305
215 354
39 127
332 203
118 129
102 335
85 56
16 38
203 277
182 24
3 288
97 77
266 149
89 137
345 225
320 22
156 223
159 354
324 328
74 13
318 298
47 338
267 85
5 164
321 75
263 161
47 148
68 15
146 199
130 13
60 240
286 299
15 294
327 95
353 235
45 64
301 267
212 154
214 130
15 343
311 342
119 259
68 118
55 173
348 262
266 17
268 186
346 227
54 208
122 137
67 71
162 260
326 78
240 326
38 9
114 214
276 185
143 139
255 205
207 110
10 291
250 18
202 298
170 102
272 258
323 73
201 146
239 101
131 36
132 77
227 73
101 282
166 164
170 222
23 208
44 110
105 104
156 140
339 148
31 257
34 39
343 74
353 141
7 333
180 340
212 64
3 105
271 274
211 231
330 183
39 139
278 191
198 317
39 24
361 255
363 271
328 315
239 250
99 322
214 109
322 191
122 307
351 169
259 105
188 65
226 140
100 291
29 292
231 157
63 46
363 45
54 340
210 229
70 180
19 348
124 72
256 116
263 168
149 247
5 18
247 67
175 221
342 264
338 251
205 145
23 142
211 150
126 263
307 353
9 207
217 295
18 263
237 145
84 347
136 198
160 220
254 58
183 106
77 110
118 303
303 203
90 203
201 212
141 248
223 314
152 228
358 310
78 145
135 314
106 237
36 240
21 319
207 306
299 53
155 296
205 162
46 297
230 58
140 201
160 66
91 183
295 1
292 99
224 297
167 203
257 144
339 200
16 101
101 41
93 73
180 232
306 73
107 309
345 34
365 223
131 14
352 60
112 279
115 207
154 36
144 18
93 209
193 176
333 179
50 283
213 189
215 30
72 280
19 166
40 172
227 11
138 338
106 110
306 211
104 24
212 147
268 27
363 328
313 335
98 151
183 226
11 142
178 223
274 330
278 258
133 74
121 274
147 303
330 117
318 260
211 257
328 35
329 187
224 335
335 117
120 197
195 360
330 343
294 364
172 3
178 214
356 200
41 86
315 70
61 139
7 260
155 202
212 9
354 317
121 81
66 233
178 56
6 32
22 137
51 265
144 170
130 38
294 359
332 46
211 49
221 76
304 204
326 104
223 37
83 293
194 301
5 180
365 340
38 122
21 18
272 225
315 46
124 80
52 245
115 203
171 282
119 175
268 151
290 100
219 54
130 359
228 357
212 31
107 195
201 349
207 340
51 341
234 159
144 230
361 79
145 121
10 303
121 189
162 50
110 356
38 138
76 89
3 331
343 230
294 115
205 193
87 253
272 34
128 364
93 150
21 36
5 186
182 25
151 188
297 64
86 46
363 186
148 8
62 7
248 63
247 25
306 22
185 5
107 78
91 264
268 327
10 318
304 70
216 145
183 329
43 314
339 128
160 163
344 245
126 216
181 344
85 140
140 313
183 364
296 7
188 45
301 266
53 15
59 312
95 83
150 81
321 335
322 32
350 39
83 31
359 250
342 150
18 184
352 12
338 51
35 17
182 192
46 190
359 13
17 257
327 228
246 81
262 364
152 196
51 222
236 34
13 166
49 90
185 354
77 73
245 141
46 267
284 18
128 152
324 233
17 361
356 315
3 97
42 204
143 269
157 66
286 165
325 118
239 143
303 20
70 202
331 57
166 308
195 122
129 341
296 109
226 242
304 157
217 58
325 313
295 28
23 123
229 232
34 349
332 231
244 318
115 154
304 261
111 63
293 184
43 183
142 66
331 7
23 112
45 163
350 282
359 56
235 115
254 235
94 234
333 307
26 7
46 66
257 300
64 184
61 32
202 26
222 143
149 359
23 24
329 157
97 145
261 142
200 193
284 238
291 209
260 47
287 165
168 307
334 320
160 221
34 49
163 120
76 97
43 165
62 212
137 227
141 102
180 330
345 64
93 173
208 115
324 92
93 222
243 36
7 89
103 37
285 130
70 310
43 269
85 309
197 358
142 281
200 288
2 324
204 165
298 174
209 182
232 209
305 208
63 36
361 73
272 97
258 12
115 118
298 119
8 230
7 86
101 183
17 104
351 85
184 225
167 296
282 344
109 217
257 110
30 318
305 346
53 71
349 70
8 344
153 350
289 337
199 306
117 272
27 8
13 245
181 10
110 160
168 128
209 322
246 4
105 62
33 329
132 224
127 144
291 43
354 291
45 104
231 182
271 332
332 161
315 302
336 36
264 150
266 230
87 329
54 73
150 332
106 191
268 226
58 247
3 343
198 45
92 109
21 338
216 263
3 190
138 92
187 240
280 323
33 29
217 227
146 225
238 256
160 161
351 349
153 254
194 8
286 119
36 141
113 88
94 74
282 269
321 139
359 354
112 165
223 36
121 89
323 159
356 221
86 343
307 102
271 20
294 159
132 334
195 147
292 321
285 196
149 302
340 85
341 65
53 88
237 203
142 61
143 364
146 64
165 228
21 26
28 188
340 299
313 267
182 7
8 176
154 179
246 96
104 132
322 71
341 217
35 236
303 48
244 62
62 29
340 92
89 340
66 262
73 200
21 35
46 362
281 334
248 354
238 235
293 9
150 55
71 147
357 66
50 302
249 182
27 50
88 244
259 151
25 56
230 195
32 70
214 137
236 363
365 318
40 6
203 235
129 155
6 195
118 9
351 51
178 319
53 295
273 206
243 146
177 16
156 208
284 29
322 200
72 298
40 126
3 114
2 97
248 257
302 198
20 185
63 101
226 14
82 340
305 40
160 352
314 259
281 7
301 188
3 103
92 71
93 335
223 1
82 45
287 307
91 204
313 320
21 252
76 239
162 87
81 13
174 317
91 84
171 28
164 53
148 207
225 33
13 280
363 264
219 242
132 272
155 4
105 255
343 45
199 232
177 96
125 298
15 234
148 359
222 298
22 264
334 14
357 290
75 4
118 250
320 173
213 158
126 362
143 8
315 41
130 341
10 53
232 253
51 278
35 202
243 287
261 132
134 170
283 187
176 95
238 38
328 45
177 176
43 286
100 146
248 251
344 356
53 260
364 228
221 365
135 136
287 69
110 133
119 329
362 350
128 233
104 77
358 232
53 156
54 26
131 245
75 40
193 348
324 191
241 37
338 15
182 11
114 243
122 332
104 180
196 151
34 214
162 3
205 95
279 18
322 134
70 326
346 215
27 359
288 137
24 254
10 356
122 154
312 185
239 171
84 156
334 288
120 289
140 41
231 287
236 117
244 213
262 33
146 182
182 263
203 142
155 150
230 51
253 242
166 97
99 94
269 360
307 13
327 182
26 24
140 32
345 184
54 239
134 87
63 258
331 93
343 199
41 138
41 251
254 188
133 353
315 210
47 282
288 246
35 230
296 257
5 236
18 361
131 167
274 328
106 125
100 189
358 103
37 231
131 126
187 141
285 67
346 83
182 128
310 117
76 328
168 249
302 100
56 281
351 343
292 233
221 157
335 350
14 204
161 296
307 313
200 349
92 110
112 126
80 312
143 281
36 357
42 307
354 170
119 291
68 22
342 6
166 229
315 224
64 288
150 109
222 155
111 1
78 250
100 278
190 64
105 184
215 39
350 352
74 293
90 191
143 358
186 81
225 10
332 280
330 324
201 97
131 183
315 249
139 311
88 120
216 45
16 186
126 165
76 92
279 68
262 4
63 294
52 21
345 5
181 252
259 168
180 260
199 55
273 260
356 102
186 88
98 198
28 189
141 261
219 144
333 168
316 301
337 45
318 232
196 224
218 149
75 260
20 86
38 349
248 58
138 57
324 247
38 27
331 111
169 275
25 54
263 20
199 44
314 28
8 41
119 270
249 347
123 203
143 46
96 348
332 85
207 13
227 268
156 171
361 168
34 30
145 1
76 82
261 277
55 126
239 269
15 331
224 356
206 105
228 62
140 98
291 150
59 146
151 183
6 277
286 282
321 229
15 105
53 294
204 150
187 54
135 174
198 1
188 47
190 287
121 116
14 34
314 46
189 8
358 287
90 135
168 338
225 135
81 333
195 142
67 195
161 341
19 115
344 312
109 8
187 265
354 209
227 69
191 43
140 129
8 226
129 123
48 117
69 118
197 65
293 35
4 170
173 216
340 2
268 359
362 19
37 46
167 272
206 160
181 217
46 53
22 205
267 125
33 82
44 105
159 328
18 281
72 101
20 319
154 290
122 94
88 34
316 114
212 67
233 271
4 122
354 227
71 178
355 134
192 172
253 69
218 89
75 148
103 137
13 214
324 263
129 285
169 246
301 166
154 199
256 158
15 65
352 130
157 82
50 44
230 301
175 105
255 319
150 226
244 249
82 236
304 318
126 253
260 304
106 9
36 348
94 320
167 65
194 161
58 103
296 294
263 244
303 45
269 205
363 254
154 232
136 344
12 254
260 34
140 205
161 176
217 19
73 329
38 35
33 126
201 90
76 180
126 156
59 197
19 157
77 100
298 172
209 180
138 248
170 46
305 214
97 161
359 33
347 339
218 172
102 156
68 260
56 46
9 261
50 65
108 258
85 137
39 45
364 353
334 144
166 102
160 45
192 146
356 59
65 170
340 172
128 292
171 307
211 31
342 109
346 311
5 115
123 126
33 295
14 195
110 311
220 70
258 295
337 294
68 146
131 306
229 353
104 27
195 356
196 126
163 312
131 323
298 103
134 257
101 167
347 107
167 331
189 271
190 56
12 226
270 112
185 229
92 7
59 259
278 99
187 48
344 102
91 345
238 205
152 195
316 257
340 210
268 156
364 168
2 16
365 264
55 21
203 180
236 257
112 319
111 217
258 127
242 88
49 245
140 127
235 187
291 304
331 345
6 229
341 213
83 236
72 304
272 365
134 189
211 272
214 213
145 133
56 243
70 269
242 162
150 59
176 247
355 176
299 243
118 85
15 130
326 102
150 261
136 105
120 110
325 150
164 362
291 337
9 187
196 82
179 58
344 172
318 225
148 157
108 189
332 95
129 67
199 265
170 17
291 242
344 145
39 305
208 174
90 142
46 71
314 29
315 153
67 267
312 353
200 156
238 233
239 229
170 137
277 30
157 338
346 285
94 61
242 295
103 252
144 269
2 314
62 149
283 216
48 318
236 152
152 183
173 340
46 34
84 139
359 307
31 278
293 129
85 302
175 173
92 74
277 40
265 171
107 56
17 269
164 1
365 309
39 105
332 245
170 135
322 63
327 306
94 156
151 207
171 206
321 253
266 29
31 192
214 96
315 117
26 279
105 156
70 52
257 60
80 275
102 331
282 95
84 298
340 156
177 342
364 106
347 34
240 88
335 214
362 16
241 63
8 177
81 3
228 246
85 134
161 171
69 203
164 160
55 68
132 73
45 174
105 278
145 194
18 80
3 243
45 319
275 125
132 274
298 38
302 347
108 94
54 166
19 92
115 280
88 210
273 320
256 152
295 25
351 76
118 329
165 136
332 226
145 171
337 233
192 303
273 31
256 113
165 25
332 113
150 232
154 231
47 37
105 230
287 65
346 248
172 263
197 308
140 216
360 289
243 91
136 74
248 142
102 281
266 174
32 293
290 56
208 337
246 87
84 182
140 320
71 344
237 37
142 360
80 352
1 293
209 185
68 248
337 330
192 142
49 222
1 19
165 186
156 186
336 211
173 170
286 44
288 347
217 299
279 151
221 190
357 341
342 200
59 60
180 194
46 298
73 328
41 348
278 68
176 79
359 43
129 95
216 167
102 267
160 301
72 33
55 334
51 100
178 161
243 214
320 35
14 246
342 195
273 147
279 157
65 174
135 327
69 313
292 24
241 282
314 109
63 33
122 341
196 9
343 323
80 55
32 255
281 75
100 137
356 275
161 181
270 103
346 220
243 332
210 50
307 341
308 333
169 93
26 247
210 197
196 112
36 12
238 192
277 294
319 330
54 237
58 224
171 323
341 170
253 323
113 59
153 10
356 92
66 147
198 65
257 100
189 215
286 249
126 295
333 130
321 269
103 77
17 95
328 329
201 221
21 303
187 30
64 158
299 338
321 190
12 227
107 295
96 168
273 134
151 74
275 358
284 124
342 13
274 302
314 233
150 46
171 247
64 299
106 186
341 262
185 311
259 47
270 120
114 189
78 352
66 312
309 348
144 236
326 307
112 304
114 12
8 54
245 340
271 8
116 335
227 283
173 128
356 160
250 88
158 33
136 148
302 27
161 252
346 176
279 190
103 289
1 209
332 210
225 8
261 218
266 151
195 346
159 352
286 142
36 32
96 320
304 360
341 264
143 75
1 264
207 349
286 308
192 40
108 148
114 175
284 162
226 246
170 252
119 307
102 329
339 9
30 256
158 341
363 296
346 352
36 47
76 198
115 37
154 89
50 306
219 3
58 338
95 118
119 81
218 258
93 353
183 174
276 169
181 150
304 77
178 33
175 261
347 276
42 298
207 158
253 144
96 350
153 265
341 282
199 257
202 240
41 182
4 334
225 228
282 168
162 271
96 213
347 252
83 316
301 269
254 311
194 248
88 277
70 229
145 111
364 117
357 82
285 277
272 315
103 244
325 330
21 96
101 275
47 358
286 191
291 316
75 18
336 195
152 191
62 364
357 202
100 249
203 263
214 303
72 340
188 32
320 291
103 322
255 200
2 188
59 309
264 170
47 161
68 122
23 133
132 276
177 19
361 129
130 350
58 163
222 232
137 203
346 102
19 235
35 179
46 197
364 240
144 61
361 249
327 291
79 52
324 282
289 296
25 104
135 151
156 56
290 265
49 280
216 194
59 323
353 98
64 50
132 282
136 274
122 103
345 201
130 157
131 25
341 16
207 290
45 14
229 140
157 191
231 152
73 349
325 100
92 222
148 216
82 291
315 56
142 352
242 235
232 344
106 228
288 15
21 296
205 59
135 133
163 196
348 216
186 175
25 235
128 236
146 135
26 222
353 124
30 344
126 155
71 195
256 64
131 246
243 208
136 256
282 291
221 355
224 126
69 319
135 19
301 348
342 338
224 279
332 8
9 251
162 30
292 240
153 142
154 241
190 351
106 214
39 352
82 111
319 37
322 308
251 134
141 155
199 94
21 240
169 338
298 317
283 131
157 59
72 56
36 6
313 229
154 73
29 225
112 46
280 84
191 349
12 238
215 28
41 316
222 182
229 277
14 105
343 269
92 51
223 93
212 223
286 247
306 164
336 185
84 203
174 262
324 364
199 191
41 293
22 330
48 209
76 332
131 308
47 295
91 322
75 211
328 330
311 3
245 208
29 356
344 330
36 234
2 349
217 307
43 133
135 230
341 35
199 69
76 331
210 180
213 217
93 62
111 323
225 110
26 105
275 127
303 323
308 5
75 274
41 89
193 310
197 145
110 199
259 191
45 93
47 324
252 44
20 154
167 21
24 221
206 16
171 94
149 176
188 288
64 291
160 321
60 234
63 314
111 115
207 65
246 323
294 256
242 81
45 231
25 272
99 204
172 238
120 327
158 41
180 94
278 296
127 355
63 148
312 264
214 54
249 25
158 203
238 117
150 65
29 38
286 218
35 259
171 278
137 110
201 248
189 196
294 229
78 203
189 273
247 31
322 178
115 322
155 286
156 77
232 38
287 320
345 267
75 244
293 53
167 145
244 335
262 90
101 194
301 53
12 40
106 159
287 102
272 197
112 127
311 124
72 295
364 285
169 281
117 115
229 255
308 319
74 134
241 289
242 122
32 201
201 25
292 160
207 23
155 53
121 338
339 135
88 80
37 57
204 145
12 112
247 237
364 276
39 289
31 16
61 276
281 179
120 133
46 365
306 157
143 327
57 309
30 161
32 192
191 269
123 75
355 183
52 69
183 7
48 351
284 16
355 157
283 168
156 90
239 141
78 5
44 109
122 227
306 359
18 285
278 348
69 4
223 313
143 214
64 199
74 32
3 100
253 356
80 268
45 172
319 104
302 48
361 111
242 103
333 316
84 307
122 234
103 60
325 2
272 146
58 56
316 158
279 10
229 49
122 93
173 133
170 81
325 233
97 154
239 20
307 44
309 139
117 248
195 217
214 24
235 133
167 178
7 307
45 327
247 64
250 145
178 146
35 186
311 89
2 215
45 13
157 190
108 281
253 277
257 5
21 228
308 219
120 161
147 233
229 73
154 125
28 233
176 34
30 157
340 352
289 328
232 345
124 351
354 257
104 360
285 98
341 5
332 131
280 286
62 161
101 319
73 131
312 243
32 227
215 152
35 219
96 256
115 28
342 261
40 189
168 114
352 36
12 328
14 156
348 208
116 180
62 168
101 312
28 72
87 160
236 235
331 185
354 122
255 302
310 346
172 351
322 130
259 66
212 98
341 23
108 293
230 143
312 189
166 253
151 310
338 219
364 190
356 288
226 59
179 316
34 92
183 118
313 19
41 246
242 356
244 64
191 22
66 150
251 158
149 51
60 37
27 225
49 316
47 281
161 48
200 117
4 215
263 220
12 23
214 63
159 287
220 287
257 259
191 325
312 362
306 122
14 315
330 116
332 285
209 155
63 192
138 348
87 222
70 114
345 94
20 149
23 168
157 12
69 186
198 269
356 188
33 247
310 144
59 237
206 364
303 260
198 47
246 161
114 128
85 188
32 56
323 148
89 57
326 318
259 198
359 73
272 75
237 215
110 31
224 308
80 30
246 16
213 286
31 310
295 253
138 8
341 186
89 145
93 276
21 349
347 344
194 300
251 165
54 287
348 179
112 218
67 333
179 49
270 295
131 178
214 64
162 58
127 316
347 122
80 164
16 214
274 124
281 214
211 277

265 188
91 172
172 23
100 173
173 101
121 174
174 154
168 175
175 51
52 176
176 134
103 177
177 1
166 178
178 87
22 179
179 28
95 180
180 117
55 181
181 158
74 182
182 139
47 183
183 121
144 184
184 158
149 185
185 99
26 186
186 104
107 187
187 25
152 188
188 53
67 189
189 131
6 190
190 41
141 191
191 151
132 192
192 6
10 193
193 153
81 194
194 2
42 195
195 52
89 196
196 84
135 197
197 171
94 198
198 57
101 199
199 162
166 200
200 133
85 201
201 118
149 202
202 52
2 203
203 59
97 204
204 50
140 205
205 20
79 206
206 52
95 207
207 64
24 208
208 98
166 209
209 25
16 210
210 85
33 211
211 105
144 212
212 111
67 213
213 100
130 214
214 114
107 215
215 156
142 216
216 140
73 217
217 76
25 218
218 79
167 219
219 22
119 220
220 88
101 221
221 133
20 222
222 131
11 223
223 61
40 224
224 93
46 225
225 105
78 226
226 40
170 227
227 101
139 228
228 43
92 229
229 112
56 230
230 70
1 231
231 91
128 232
232 95
36 233
233 120
102 234
234 81
84 235
235 61
64 236
236 53
76 237
237 32
151 238
238 38
3 239
239 57
26 240
240 51
79 241
241 154
5 242
242 3
32 243
243 115
68 244
244 13
82 245
245 115
2 246
246 4
23 247
247 146
91 248
248 125
137 249
249 41
121 250
250 26
71 251
251 168
64 252
252 34
53 253
253 90
50 254
254 88
82 255
255 168
171 256
256 138
116 257
257 57
159 258
258 15
68 259
259 99
64 260
260 3
29 261
261 122
78 262
262 42
94 263
263 81
96 264
264 63
38 265
265 47

373 1619
322 272
34 294
116 158
117 8
274 286
111 336
102 295
343 118
273 222
15 143
81 57
147 328
280 295
156 119
366 47
189 249
193 254
22 12
357 46
239 78
316 83
32 215
320 22
125 264
226 242
85 80
70 81
56 330
203 45
30 265
234 266
289 145
336 335
261 91
118 11
30 199
197 227
322 202
168 49
13 123
71 90
346 58
240 222
260 366
334 166
272 174
32 92
79 91
238 301
314 261
123 34
180 366
327 84
203 74
26 45
290 19
241 170
41 21
355 373
345 244
167 279
217 50
327 77
209 227
69 225
327 226
114 32
278 23
207 119
284 330
143 1
64 286
268 355
343 19
373 66
133 285
227 78
259 243
290 178
351 209
317 65
125 14
365 106
225 149
226 29
178 293
293 366
325 232
24 306
192 179
182 71
4 245
171 153
190 135
340 173
30 364
114 89
332 108
172 371
104 29
327 357
88 45
352 23
86 182
343 150
55 87
28 123
302 67
173 174
332 107
16 134
113 28
366 318
282 329
211 357
11 320
179 345
240 153
116 174
231 224
34 361
150 14
134 281
318 74
106 279
16 110
154 315
356 360
252 156
228 290
345 256
309 229
137 12
143 98
54 22
93 73
326 12
24 84
68 168
60 47
29 78
251 265
74 258
237 310
365 257
133 48
100 37
344 4
143 107
312 45
209 16
96 367
282 233
323 169
180 147
366 9
93 77
104 24
56 272
28 310
83 108
263 223
268 234
344 11
71 168
256 87
67 119
368 164
202 56
258 246
156 108
362 290
172 134
68 45
107 305
200 125
329 4
168 134
23 365
11 135
213 276
219 56
136 233
226 189
283 251
232 204
292 48
224 326
350 266
193 234
176 110
302 105
312 83
58 14
224 309
262 124
248 187
29 202
218 133
78 244
361 201
85 68
181 102
266 292
52 245
35 279
83 3
52 112
235 332
96 315
5 106
100 275
27 21
307 261
202 85
66 326
295 74
181 76
160 124
34 295
36 361
297 53
100 113
75 248
169 115
225 126
190 70
210 311
48 38
341 277
147 371
309 226
6 99
299 247
282 165
11 315
309 50
312 266
41 218
243 306
170 251
26 209
29 36
94 166
327 142
223 370
333 163
108 127
129 329
247 323
17 279
98 263
250 1
142 296
199 258
250 227
165 271
61 281
68 224
164 6
319 305
86 370
202 151
93 25
242 203
33 172
363 168
18 184
316 112
257 142
273 337
184 159
276 269
24 147
360 107
86 282
52 289
272 23
224 368
98 236
104 80
285 165
77 248
152 49
190 98
319 143
175 193
31 283
222 228
133 130
240 122
175 182
17 188
4 113
171 29
248 270
73 312
170 96
316 351
228 41
219 60
94 139
295 318
157 313
368 172
324 286
184 62
44 320
301 175
284 105
344 260
308 217
261 156
82 30
70 178
53 26
346 20
32 208
341 330
202 349
299 176
125 254
162 104
295 132
10 52
323 199
147 373
208 133
300 96
302 57
235 115
329 125
75 58
81 282
101 156
47 176
303 26
331 329
331 357
95 196
43 287
280 123
317 287
64 365
318 40
178 144
165 347
131 26
259 81
134 5
178 99
127 68
348 220
134 148
215 300
146 139
165 189
148 219
99 185
303 35
288 344
146 337
220 200
185 269
133 85
342 256
66 139
106 114
241 364
60 26
66 369
75 40
260 305
262 158
28 226
157 364
334 331
337 104
199 205
65 169
84 40
250 272
162 315
167 117
279 241
63 36
239 201
109 294
256 272
76 177
236 33
249 278
175 122
15 54
171 329
299 156
179 29
233 349
158 81
324 172
37 246
186 205
260 94
282 239
160 90
326 156
365 367
222 264
300 68
266 244
233 127
189 50
119 202
121 159
256 332
35 203
317 238
140 361
86 96
34 90
77 24
25 82
27 370
214 339
24 278
56 220
50 275
52 136
193 240
179 263
25 91
90 172
261 235
212 369
311 239
116 325
207 46
270 202
218 187
129 364
277 156
317 309
87 96
127 153
33 335
85 186
71 123
96 199
242 239
235 185
272 77
148 141
151 144
361 355
363 214
56 89
185 315
245 273
186 225
52 327
19 301
38 123
5 183
360 152
251 276
59 311
237 206
315 230
79 65
172 242
324 309
348 102
38 293
354 349
111 124
259 169
150 263
227 38
59 276
149 85
303 106
159 364
218 229
74 251
298 153
167 365
298 236
192 44
65 338
28 322
332 259
9 301
63 230
48 240
164 17
119 271
284 352
86 353
253 26
202 319
3 290
121 325
341 285
52 107
346 287
300 316
256 186
113 220
51 162
71 95
74 154
203 47
297 42
57 179
5 51
27 74
175 50
361 351
235 306
138 42
146 26
235 13
271 111
226 14
11 208
153 76
300 306
14 181
91 95
38 15
134 169
211 252
20 320
294 291
23 213
50 149
287 192
271 113
19 8
192 334
191 270
178 305
219 106
372 79
155 188
343 350
330 285
115 148
159 329
251 8
43 177
100 294
249 82
322 213
323 193
110 251
96 16
295 322
91 218
365 290
330 260
294 349
312 101
18 275
219 203
249 234
287 71
108 91
341 112
87 33
148 366
204 323
334 17
209 211
300 97
304 100
87 150
97 8
194 216
89 296
177 1
58 177
158 140
180 332
313 101
67 178
322 342
216 205
145 183
258 59
152 340
335 59
313 327
208 342
227 137
193 348
157 259
345 214
265 309
89 217
337 223
314 215
315 370
193 164
360 265
50 176
235 372
289 84
238 366
132 244
174 371
177 51
274 37
294 32
4 283
61 214
209 181
63 214
254 276
363 18
370 64
61 327
136 45
229 368
47 217
304 9
69 204
324 68
364 51
292 109
121 149
104 187
178 372
313 129
272 241
57 304
203 324
227 4
228 299
301 139
72 354
145 348
260 238
172 120
135 4
143 196
164 57
291 282
350 109
373 335
155 254
179 244
329 1
242 355
298 145
105 342
142 38
37 232
92 190
244 180
373 328
121 167
174 155
225 193
161 236
35 64
348 9
301 253
88 129
325 188
184 351
111 209
317 29
35 363
277 298
266 118
143 89
78 232
271 148
207 272
341 47
91 302
3 161
169 246
180 338
286 229
116 333
226 80
351 274
47 98
322 114
158 35
79 232
319 244
85 209
326 110
221 348
71 115
113 185
337 155
272 69
291 310
292 136
121 186
33 134
35 230
203 210
234 10
370 7
61 268
284 160
159 222
180 260
311 324
171 75
62 373
69 146
150 61
190 68
11 172
13 128
198 132
20 86
173 5
287 13
2 170
225 350
79 367
281 220
66 263
175 269
169 233
5 371
1 94
202 316
314 143
335 248
10 132
176 228
33 365
167 169
237 80
316 110
178 75
41 312
249 231
363 139
10 199
71 94
128 357
317 275
25 373
204 7
4 164
353 270
31 216
273 205
238 297
130 334
367 143
151 36
66 83
254 180
230 251
326 229
309 179
347 352
350 5
99 150
230 257
213 343
332 75
78 174
26 278
155 371
105 157
312 289
111 147
205 351
207 250
247 339
357 319
32 85
34 48
238 18
5 147
230 312
202 297
76 232
115 152
278 345
347 1
110 262
24 109
281 15
63 180
288 87
220 4
300 108
122 297
200 40
309 53
111 265
65 20
312 6
136 361
85 287
55 45
293 354
130 132
314 274
304 159
343 157
290 267
47 196
141 202
365 289
362 334
321 205
194 113
286 76
215 126
206 178
369 315
169 166
119 371
194 275
70 171
67 262
310 373
257 290
169 64
79 56
104 214
364 229
330 85
279 140
286 269
343 147
241 361
188 268
335 58
197 37
142 357
312 27
319 173
343 59
127 254
38 357
222 198
67 45
324 207
90 214
2 234
149 36
288 226
35 334
315 206
190 180
285 128
34 215
74 366
220 270
94 101
367 73
43 271
252 324
263 257
326 48
246 211
160 69
324 54
292 31
20 132
352 151
14 242
128 301
261 15
281 270
217 310
273 4
79 23
140 364
198 62
329 317
294 88
188 96
145 339
338 324
361 48
107 1
165 86
8 346
120 297
268 238
226 55
318 202
344 321
12 17
352 255
29 286
91 134
364 344
331 218
190 222
282 103
253 123
258 28
334 228
251 77
70 281
10 73
182 278
347 152
189 352
134 222
253 131
28 81
47 290
208 278
253 116
265 127
196 319
342 127
217 265
133 176
250 195
87 98
16 220
316 58
355 113
66 315
322 282
324 42
331 200
263 185
123 362
197 122
11 177
360 365
56 91
184 16
251 200
252 359
240 295
153 30
211 221
70 112
238 108
168 232
80 122
188 251
8 60
304 45
327 334
266 163
60 368
289 371
179 211
257 208
136 105
327 253
76 197
244 137
194 24
160 349
7 364
210 120
85 226
18 221
258 217
18 108
329 84
152 176
336 2
315 232
77 202
189 102
248 211
232 269
183 330
80 150
212 159
235 22
348 267
153 216
278 319
81 17
228 192
365 164
132 91
44 229
337 373
48 309
59 317
248 370
5 66
216 155
220 341
166 313
182 340
64 206
351 94
209 238
275 7
260 337
81 308
190 163
230 18
215 107
349 310
116 39
46 270
231 363
274 87
366 92
73 234
113 342
124 275
225 39
116 197
84 305
269 161
181 271
312 7
299 259
84 160
362 27
270 128
54 166
11 337
231 352
91 175
271 286
311 264
66 355
124 45
91 361
78 17
171 164
209 361
11 104
234 371
93 97
97 102
262 59
355 227
312 328
370 194
83 158
239 204
326 198
256 270
275 26
101 153
268 203
87 257
94 120
4 128
55 276
28 286
161 205
89 280
345 211
91 12
370 253
126 77
332 140
135 27
165 186
339 62
12 104
95 206
206 274
122 104
12 255
272 276
40 187
157 178
52 295
158 104
42 175
283 139
78 106
23 240
264 332
95 311
225 188
9 69
176 173
288 28
240 261
367 178
114 290
89 32
242 186
333 330
251 372
254 334
110 322
88 6
141 346
131 114
190 325
192 100
199 84
165 196
5 299
61 350
209 317
355 170
255 333
80 46
101 189
122 18
214 57
150 143
234 82
82 96
210 45
321 86
192 234
239 131
67 144
159 373
281 287
194 53
105 35
268 230
127 268
56 78
292 236
131 211
58 109
218 302
112 170
20 35
78 281
73 175
82 91
127 98
112 313
242 94
311 160
92 183
297 87
102 311
361 178
35 250
54 255
275 181
42 104
338 89
84 216
361 264
127 154
21 351
352 197
206 224
248 336
285 203
221 99
88 115
237 99
183 43
261 312
40 250
27 16
311 18
365 191
67 246
251 184
313 154
139 111
194 30
105 22
259 29
135 264
88 233
56 279
65 132
307 195
105 133
98 196
116 324
177 297
269 131
220 329
116 349
33 157
215 70
224 211
148 13
322 245
369 182
61 259
325 158
290 144
371 39
123 368
53 170
140 3
53 219
81 251
304 245
358 56
110 226
111 143
24 137
251 335
73 265
224 66
43 116
176 14
35 270
99 301
229 7
239 127
128 288
21 267
153 72
178 64
36 307
332 300
70 77
255 184
285 168
347 44
2 84
173 221
11 213
163 91
40 302
225 246
227 246
158 151
24 290
332 299
48 152
108 322
293 80
210 132
177 341
332 124
43 300
292 367
368 253
318 369
302 192
16 149
2 260
169 269
235 252
340 55
331 154
357 252
35 293
331 363
82 248
85 285
340 11
158 118
366 302
42 32
119 50
180 182
259 289
264 201
357 148
85 127
363 373
292 116
194 220
362 240
236 12
179 289
93 294
228 229
355 98
159 26
240 352
351 180
112 167
235 234
91 353
148 216
337 225
121 135
300 77
257 238
94 8
158 107
356 8
178 321
144 8
165 10
262 42
29 128
33 274
346 203
203 149
155 157
343 170
113 224
276 308
22 272
278 69
122 331
221 5
137 14
140 45
269 218
289 347
119 97
104 198
125 346
269 85
56 41
45 121
257 105
49 260
201 210
168 293
150 141
364 204
313 12
131 117
339 301
31 35
17 142
351 168
210 194
275 57
140 35
297 245
336 259
157 235
202 58
185 226
225 318
9 268
148 276
5 275
65 40
229 367
212 297
232 82
286 254
329 6
146 294
292 336
222 17
189 269
106 195
48 285
160 108
15 363
365 349
44 156
62 327
138 297
127 80
315 236
227 277
156 322
29 204
135 277
326 106
137 369
56 4
199 66
255 33
57 42
42 139
227 214
172 96
216 186
14 296
41 49
190 89
52 154
130 210
9 105
89 155
74 26
332 265
150 256
247 190
86 248
127 19
351 140
52 242
92 134
274 289
340 347
97 53
334 266
271 129
112 65
150 206
322 251
198 19
55 101
205 195
278 155
247 328
115 215
31 12
109 359
73 286
106 66
357 361
168 352
8 180
373 297
103 112
125 195
168 271
159 51
225 339
79 360
313 171
95 104
191 142
325 46
313 276
278 331
122 57
107 362
219 27
38 134
38 331
345 20
74 55
184 150
370 52
135 195
159 201
74 134
19 324
148 318
96 231
333 198
351 251
119 256
319 311
104 103
69 129
273 49
150 194
333 170
274 208
83 343
247 130
252 22
269 348
181 69
259 346
8 169
192 331
31 281
17 45
222 230
256 140
257 50
79 327
227 70
357 316
91 192
191 149
152 135
355 234
249 371
29 10
310 7
221 201
39 326
352 24
22 192
354 231
45 172
72 22
146 155
187 368
266 169
87 269
290 36
298 36
373 278
263 283
103 141
359 344
17 31
274 61
132 163
307 239
176 252
212 78
108 290
346 110
274 76
262 287
148 65
363 146
346 198
282 321
265 271
1 239
167 69
138 256
49 272
194 366
159 170
290 368
237 332
147 233
115 102
207 67
321 302
362 248
276 5
332 106
80 211
84 176
198 200
257 336
264 105
304 128
310 106
35 330
143 245
296 297
179 116
35 219
281 127
13 197
77 104
190 345
325 287
256 367
113 368
279 356
180 117
40 362
335 326
53 274
38 206
222 204
167 302
177 199
82 108
26 95
15 287
270 13
295 63
116 264
49 206
327 366
164 92
29 224
213 259
333 263
220 256
123 122
251 33
219 88
138 238
233 56
222 269
339 102
212 216
126 290
223 278
243 12
124 268
256 97
371 294
342 211
253 321
2 323
366 160
283 342
286 364
199 79
86 327
202 211
275 174
27 4
106 192
89 136
220 88
34 276
239 349
77 338
122 171
306 74
278 3
92 324
47 97
364 171
348 109
81 49
212 23
257 219
253 153
335 120
284 347
30 276
148 138
80 21
189 88
373 294
48 46
85 364
113 83
276 54
342 307
368 367
79 357

254 182
15 164
164 27
122 165
165 29
83 166
166 101
86 167
167 73
141 168
168 54
154 169
169 110
76 170
170 77
84 171
171 113
5 172
172 11
102 173
173 1
99 174
174 84
114 175
175 135
123 176
176 158
161 177
177 157
134 178
178 154
79 179
179 85
140 180
180 159
102 181
181 2
81 182
182 76
39 183
183 113
28 184
184 77
93 185
185 154
119 186
186 83
68 187
187 156
31 188
188 103
52 189
189 24
90 190
190 99
135 191
191 126
147 192
192 22
33 193
193 158
122 194
194 97
67 195
195 136
119 196
196 76
32 197
197 3
153 198
198 150
28 199
199 6
127 200
200 7
16 201
201 85
153 202
202 111
155 203
203 159
159 204
204 10
2 205
205 112
14 206
206 82
162 207
207 13
73 208
208 112
3 209
209 49
69 210
210 157
153 211
211 159
75 212
212 9
151 213
213 55
156 214
214 117
138 215
215 21
70 216
216 18
62 217
217 69
18 218
218 72
59 219
219 160
110 220
220 150
82 221
221 73
52 222
222 45
18 223
223 152
30 224
224 154
23 225
225 20
12 226
226 146
28 227
227 20
38 228
228 101
12 229
229 66
90 230
230 62
159 231
231 55
12 232
232 151
124 233
233 88
45 234
234 76
86 235
235 34
63 236
236 105
56 237
237 34
39 238
238 87
27 239
239 60
51 240
240 46
155 241
241 94
61 242
242 89
25 243
243 22
16 244
244 139
150 245
245 152
75 246
246 73
65 247
247 46
67 248
248 149
17 249
249 120
56 250
250 94
69 251
251 12
121 252
252 111
88 253
253 121
116 254
254 111

257 176
31 170
170 57
111 171
171 132
71 172
172 9
42 173
173 168
145 174
174 6
158 175
175 128
55 176
176 93
86 177
177 5
49 178
178 58
11 179
179 146
58 180
180 82
84 181
181 25
106 182
182 20
117 183
183 76
151 184
184 24
159 185
185 166
110 186
186 128
12 187
187 74
131 188
188 77
17 189
189 96
148 190
190 43
140 191
191 120
82 192
192 134
53 193
193 52
74 194
194 95
6 195
195 4
86 196
196 98
43 197
197 103
108 198
198 70
66 199
199 1
136 200
200 92
144 201
201 159
127 202
202 9
42 203
203 48
12 204
204 23
16 205
205 144
95 206
206 73
97 207
207 115
54 208
208 129
12 209
209 130
114 210
210 165
122 211
211 66
152 212
212 129
89 213
213 9
37 214
214 8
100 215
215 42
107 216
216 100
25 217
217 153
99 218
218 48
147 219
219 110
21 220
220 70
70 221
221 83
26 222
222 46
57 223
223 62
112 224
224 68
158 225
225 35
33 226
226 141
8 227
227 96
71 228
228 152
24 229
229 153
38 230
230 43
14 231
231 70
58 232
232 107
133 233
233 54
32 234
234 161
100 235
235 10
57 236
236 5
147 237
237 14
88 238
238 153
144 239
239 22
93 240
240 98
156 241
241 155
163 242
242 36
35 243
243 47
16 244
244 80
142 245
245 94
62 246
246 151
142 247
247 24
112 248
248 58
118 249
249 38
47 250
250 51
153 251
251 63
5 252
252 38
125 253
253 42
56 254
254 68
18 255
255 80
139 256
256 120
85 257
257 81

264 152
160 189
189 129
178 190
190 173
2 191
191 70
89 192
192 116
5 193
193 75
40 194
194 67
73 195
195 181
71 196
196 187
4 197
197 25
13 198
198 44
4 199
199 163
31 200
200 54
33 201
201 179
51 202
202 182
63 203
203 2
178 204
204 18
159 205
205 116
132 206
206 66
183 207
207 70
149 208
208 3
69 209
209 123
22 210
210 24
105 211
211 90
148 212
212 182
4 213
213 9
13 214
214 173
114 215
215 165
100 216
216 32
11 217
217 150
66 218
218 60
96 219
219 36
48 220
220 59
39 221
221 95
186 222
222 42
112 223
223 44
103 224
224 66
54 225
225 168
68 226
226 29
18 227
227 141
188 228
228 33
98 229
229 156
17 230
230 124
158 231
231 172
28 232
232 119
106 233
233 38
45 234
234 122
91 235
235 83
55 236
236 130
114 237
237 100
124 238
238 21
110 239
239 140
105 240
240 158
64 241
241 138
137 242
242 68
172 243
243 106
83 244
244 106
3 245
245 67
174 246
246 28
53 247
247 103
115 248
248 70
134 249
249 93
83 250
250 157
94 251
251 99
14 252
252 164
17 253
253 128
63 254
254 112
111 255
255 70
166 256
256 30
98 257
257 130
91 258
258 107
19 259
259 45
121 260
260 162
18 261
261 168
108 262
262 119
153 263
263 76
164 264
264 175

258 184
102 167
167 83
12 168
168 78
54 169
169 13
94 170
170 139
11 171
171 129
63 172
172 67
5 173
173 60
150 174
174 131
29 175
175 17
133 176
176 149
80 177
177 50
103 178
178 32
126 179
179 150
61 180
180 44
7 181
181 127
53 182
182 139
52 183
183 90
125 184
184 127
146 185
185 37
166 186
186 159
159 187
187 79
12 188
188 52
103 189
189 118
47 190
190 66
153 191
191 4
62 192
192 3
63 193
193 147
54 194
194 46
127 195
195 57
119 196
196 76
146 197
197 124
11 198
198 113
107 199
199 29
132 200
200 153
6 201
201 45
143 202
202 24
62 203
203 53
100 204
204 18
165 205
205 160
116 206
206 73
141 207
207 33
73 208
208 20
94 209
209 105
48 210
210 32
53 211
211 48
8 212
212 102
13 213
213 116
79 214
214 111
77 215
215 96
6 216
216 105
162 217
217 78
70 218
218 46
2 219
219 159
124 220
220 163
5 221
221 143
42 222
222 33
96 223
223 137
30 224
224 77
94 225
225 33
118 226
226 154
150 227
227 78
89 228
228 123
70 229
229 120
63 230
230 129
100 231
231 93
73 232
232 26
149 233
233 116
68 234
234 105
70 235
235 139
35 236
236 1
86 237
237 83
137 238
238 51
75 239
239 7
141 240
240 58
31 241
241 91
160 242
242 144
12 243
243 10
164 244
244 84
32 245
245 96
112 246
246 159
157 247
247 11
119 248
248 116
35 249
249 159
64 250
250 3
63 251
251 124
39 252
252 67
16 253
253 155
149 254
254 112
133 255
255 27
164 256
256 2
163 257
257 133
123 258
258 107

265 204
130 164
164 95
57 165
165 39
106 166
166 56
131 167
167 73
75 168
168 135
88 169
169 124
6 170
170 10
58 171
171 63
33 172
172 101
49 173
173 113
47 174
174 133
15 175
175 143
65 176
176 149
67 177
177 35
162 178
178 16
108 179
179 121
5 180
180 24
7 181
181 137
83 182
182 95
1 183
183 89
12 184
184 39
32 185
185 71
157 186
186 23
100 187
187 22
91 188
188 151
9 189
189 34
127 190
190 58
36 191
191 162
94 192
192 120
65 193
193 31
80 194
194 162
94 195
195 92
66 196
196 54
35 197
197 112
59 198
198 130
62 199
199 120
67 200
200 56
47 201
201 118
120 202
202 104
93 203
203 88
141 204
204 15
58 205
205 131
66 206
206 84
135 207
207 89
138 208
208 160
15 209
209 69
79 210
210 81
83 211
211 18
60 212
212 138
158 213
213 87
38 214
214 116
62 215
215 95
58 216
216 44
18 217
217 22
25 218
218 62
30 219
219 150
138 220
220 143
101 221
221 25
136 222
222 125
7 223
223 143
51 224
224 143
107 225
225 40
143 226
226 139
52 227
227 7
159 228
228 128
132 229
229 138
117 230
230 84
96 231
231 160
133 232
232 101
23 233
233 124
140 234
234 89
52 235
235 30
74 236
236 44
128 237
237 41
110 238
238 17
80 239
239 56
118 240
240 93
80 241
241 77
51 242
242 75
112 243
243 126
10 244
244 83
24 245
245 26
155 246
246 17
48 247
247 148
134 248
248 69
23 249
249 30
102 250
250 52
153 251
251 23
58 252
252 46
6 253
253 125
126 254
254 130
121 255
255 57
4 256
256 130
65 257
257 64
118 258
258 96
76 259
259 140
101 260
260 42
76 261
261 134
153 262
262 103
17 263
263 149
154 264
264 133
103 265
265 119

253 172
135 168
168 21
166 169
169 31
118 170
170 65
115 171
171 83
71 172
172 158
19 173
173 76
34 174
174 154
31 175
175 162
129 176
176 159
127 177
177 39
84 178
178 35
128 179
179 147
112 180
180 118
82 181
181 9
46 182
182 139
154 183
183 14
84 184
184 159
52 185
185 44
61 186
186 147
39 187
187 140
86 188
188 12
41 189
189 93
69 190
190 14
125 191
191 44
120 192
192 55
63 193
193 85
87 194
194 56
105 195
195 141
118 196
196 150
24 197
197 2
150 198
198 11
108 199
199 151
134 200
200 78
69 201
201 110
90 202
202 148
48 203
203 35
70 204
204 138
2 205
205 106
150 206
206 71
89 207
207 37
95 208
208 126
29 209
209 81
9 210
210 96
113 211
211 106
97 212
212 43
38 213
213 144
35 214
214 165
42 215
215 95
131 216
216 3
7 217
217 90
103 218
218 155
113 219
219 96
144 220
220 15
107 221
221 149
150 222
222 21
71 223
223 47
145 224
224 32
70 225
225 127
41 226
226 63
56 227
227 1
156 228
228 76
36 229
229 91
44 230
230 146
67 231
231 82
16 232
232 148
86 233
233 63
164 234
234 11
38 235
235 148
35 236
236 18
108 237
237 17
2 238
238 71
56 239
239 123
59 240
240 83
51 241
241 108
67 242
242 143
127 243
243 76
47 244
244 125
56 245
245 54
46 246
246 41
3 247
247 57
161 248
248 90
92 249
249 118
145 250
250 127
9 251
251 125
160 252
252 74
111 253
253 114

250 166
94 168
168 12
5 169
169 106
26 170
170 49
138 171
171 77
87 172
172 51
73 173
173 72
128 174
174 115
83 175
175 145
44 176
176 70
90 177
177 63
37 178
178 49
3 179
179 89
34 180
180 153
48 181
181 46
143 182
182 78
101 183
183 83
10 184
184 131
51 185
185 30
44 186
186 136
110 187
187 156
65 188
188 163
63 189
189 142
107 190
190 75
129 191
191 87
7 192
192 108
91 193
193 47
62 194
194 105
160 195
195 52
163 196
196 116
114 197
197 68
104 198
198 116
97 199
199 165
132 200
200 151
16 201
201 160
34 202
202 67
154 203
203 8
15 204
204 18
6 205
205 150
1 206
206 10
118 207
207 124
89 208
208 93
10 209
209 35
45 210
210 21
117 211
211 164
90 212
212 47
143 213
213 91
48 214
214 107
26 215
215 78
144 216
216 165
156 217
217 43
121 218
218 157
65 219
219 5
160 220
220 152
120 221
221 47
52 222
222 125
165 223
223 118
86 224
224 137
159 225
225 24
89 226
226 12
98 227
227 143
107 228
228 15
36 229
229 38
118 230
230 67
9 231
231 141
93 232
232 148
101 233
233 121
67 234
234 4
69 235
235 108
55 236
236 145
128 237
237 114
79 238
238 22
30 239
239 139
12 240
240 152
43 241
241 26
126 242
242 74
39 243
243 2
81 244
244 76
145 245
245 26
5 246
246 82
99 247
247 90
98 248
248 164
77 249
249 65
108 250
250 30

380 1789
162 339
240 169
332 204
333 357
264 137
374 36
136 194
319 360
32 367
216 49
287 115
112 66
24 14
251 194
17 209
28 69
91 286
230 324
15 321
126 253
118 129
236 52
255 360
329 33
8 181
192 359
192 33
377 107
354 192
306 232
205 257
263 161
287 208
181 296
335 196
13 181
161 351
224 79
223 137
15 294
240 335
264 208
247 344
154 31
268 141
46 33
194 246
68 118
344 230
55 173
224 215
336 139
191 263
150 244
326 63
277 196
98 54
244 9
164 189
354 210
373 225
28 23
303 159
161 15
91 263
312 141
260 341
28 134
129 151
221 94
6 191
262 85
129 349
58 365
282 373
102 82
160 47
236 342
56 351
275 8
23 293
99 131
174 100
160 277
13 160
51 85
221 285
374 293
92 91
22 193
210 234
211 136
331 156
81 290
12 126
60 293
319 178
194 114
251 15
34 18
271 234
80 373
323 366
323 196
294 312
96 21
172 322
376 336
14 59
163 169
291 380
256 266
148 211
371 10
50 128
125 7
345 350
188 88
10 62
127 69
164 209
19 251
197 289
287 277
35 324
73 153
242 150
123 300
271 75
19 222
206 270
75 295
179 296
256 250
130 146
138 154
321 79
323 178
345 65
183 155
367 366
315 259
288 239
351 204
323 42
254 61
354 281
299 53
300 189
228 290
265 312
232 208
175 336
253 251
204 366
97 343
353 26
26 224
121 38
3 208
232 313
216 72
125 131
182 257
274 30
331 83
42 2
209 168
325 204
110 152
22 297
315 273
266 247
69 183
161 62
129 85
76 175
96 160
244 280
155 79
288 364
79 68
56 67
259 61
6 140
52 189
363 113
273 137
4 271
201 306
4 65
67 345
289 376
151 131
192 261
102 312
12 16
164 286
136 226
180 235
257 200
117 63
42 244
190 371
47 49
322 260
308 343
93 178
279 285
301 325
239 100
198 157
3 340
138 14
16 276
330 124
118 258
144 232
332 223
51 265
28 173
33 30
200 100
192 275
46 114
32 338
198 148
267 1
121 15
11 269
344 136
181 245
265 138
299 280
86 231
272 52
168 229
156 292
197 102
91 338
164 113
221 96
121 180
375 65
358 187
221 294
209 124
144 284
293 303
27 351
360 15
129 25
23 267
5 268
144 117
128 223
143 335
22 10
118 62
341 277
344 231
19 90
41 159
58 131
279 67
318 234
177 76
108 151
102 6
109 357
185 109
315 331
380 216
54 84
129 131
323 85
224 73
304 241
96 115
134 190
301 220
51 163
236 157
148 305
205 256
298 264
172 79
72 75
237 261
115 47
261 90
373 304
302 323
196 287
126 216
316 190
353 377
14 223
147 345
111 136
204 350
355 145
229 290
164 6
347 87
150 81
317 53
121 231
220 346
333 85
261 67
372 285
179 189
217 370
166 207
238 306
148 30
349 288
208 257
7 350
159 35
220 51
76 264
171 36
301 259
346 2
240 214
94 241
9 210
215 249
73 77
56 147
333 78
106 298
339 138
304 279
58 167
172 278
214 290
197 298
253 264
247 149
86 285
326 209
37 258
188 146
299 166
275 120
320 196
66 15
269 53
310 276
40 280
158 300
299 200
9 150
248 91
13 48
15 316
313 162
73 336
364 260
300 105
86 276
198 306
208 29
170 14
368 152
136 217
362 7
348 86
79 166
115 242
193 58
186 11
116 200
27 191
211 1
216 116
125 6
275 134
77 227
279 161
31 187
126 255
201 132
371 244
192 28
230 9
181 54
38 42
258 139
320 267
213 48
210 248
61 220
230 294
175 116
140 58
274 359
270 150
38 210
262 380
355 42
374 271
106 114
288 113
344 209
91 177
292 22
348 219
242 63
355 187
307 60
370 270
98 308
235 373
55 134
275 148
270 105
101 31
140 379
124 336
125 350
271 208
126 233
177 71
166 30
276 253
277 233
118 295
181 56
370 67
336 63
380 168
309 297
309 228
131 339
149 144
171 143
246 10
378 114
196 157
362 93
152 27
6 138
247 41
342 82
34 67
38 204
276 132
243 331
173 65
214 344
360 366
110 153
40 53
315 272
306 168
56 213
312 191
3 216
81 262
339 208
33 251
197 18
329 343
223 184
69 107
64 329
248 22
270 107
259 77
351 4
301 314
211 379
68 144
343 270
75 78
353 43
330 61
135 2
356 32
67 175
269 354
129 173
316 195
47 93
198 155
296 317
321 185
161 272
155 318
162 324
312 222
354 146
192 238
360 170
217 154
296 263
66 131
190 82
121 169
125 60
297 227
82 77
246 142
107 212
110 195
258 206
373 57
28 63
287 361
271 341
115 165
102 344
230 365
52 239
311 228
336 357
321 282
362 204
58 254
314 356
322 228
125 379
36 284
222 341
258 306
299 9
157 107
107 90
70 98
256 324
42 317
315 137
1 77
312 91
111 341
168 373
316 277
150 98
40 335
155 219
165 275
290 327
366 42
351 306
255 116
334 265
176 236
112 68
58 128
204 103
234 116
198 22
331 60
330 249
78 44
23 206
282 68
265 4
69 156
271 26
277 335
99 291
221 311
137 280
221 237
252 197
327 96
258 210
370 56
191 58
46 358
307 204
18 105
19 320
38 108
225 30
250 14
350 61
80 252
47 7
196 213
344 246
108 119
328 144
348 115
171 46
64 100
247 134
14 93
181 121
353 90
207 99
49 321
73 75
347 43
239 233
41 18
379 33
94 41
349 319
372 64
230 98
316 241
187 258
262 297
319 103
166 163
153 366
340 146
308 123
176 136
195 116
130 323
349 312
38 322
200 39
255 244
27 160
129 315
151 195
191 311
11 206
81 6
195 10
143 289
273 322
332 350
336 84
158 301
293 69
336 227
45 314
273 25
178 26
254 73
106 331
222 215
44 312
213 69
308 367
22 259
334 17
194 169
361 85
306 133
146 145
111 284
296 318
115 19
119 150
376 48
12 198
199 222
58 177
186 362
188 90
126 79
113 234
97 144
353 49
171 3
215 303
217 190
57 104
59 348
151 292
51 61
143 30
102 171
172 177
208 245
136 87
319 51
109 230
312 195
239 317
350 293
118 348
376 352
255 349
148 227
349 115
313 59
53 229
256 68
279 18
14 240
54 140
41 137
45 124
320 80
265 318
174 352
166 71
91 137
278 89
122 154
122 343
374 124
141 320
290 71
119 301
15 280
180 150
116 190
73 299
270 334
145 154
110 9
113 366
372 343
239 146
363 115
285 74
123 56
351 148
65 43
174 40
310 237
313 242
97 45
79 117
7 71
265 119
323 114
234 347
28 200
195 76
158 64
23 52
65 179
48 282
29 280
241 271
230 363
30 297
34 139
146 282
164 77
338 200
17 82
199 291
98 31
26 288
319 207
302 141
268 293
325 367
258 312
300 163
283 288
107 100
206 13
62 331
197 123
308 146
235 221
111 335
306 293
308 1
10 21
24 3
137 191
49 13
38 233
156 124
13 112
116 146
304 374
289 380
185 323
354 346
9 3
339 310
379 334
269 110
200 331
294 126
193 73
356 145
379 7
308 96
237 273
296 253
61 35
151 364
29 218
33 340
274 227
204 96
194 370
165 147
337 260
374 372
213 15
198 303
259 363
133 334
65 8
285 216
56 128
97 66
375 81
13 185
14 370
184 36
241 21
191 355
135 356
347 250
113 211
253 360
261 166
136 22
12 275
181 127
112 346
173 341
266 130
272 170
1 87
129 154
302 321
342 157
57 360
278 318
209 101
106 42
22 356
76 354
170 235
213 343
213 130
241 182
13 374
162 93
1 278
297 200
106 146
378 360
343 320
269 344
17 263
332 243
351 273
65 19
121 238
220 126
232 353
268 172
328 159
351 55
207 338
45 30
36 295
21 213
63 5
48 157
86 275
252 66
97 253
336 237
262 176
34 179
150 208
6 181
290 36
375 53
29 128
55 45
111 48
24 116
353 130
51 17
109 250
329 233
240 375
24 227
207 200
138 282
32 99
124 44
128 321
188 171
334 190
288 332
199 339
220 244
221 173
133 97
337 123
373 274
235 273
2 361
376 153
126 69
271 356
118 323
134 355
67 377
47 376
378 244
268 123
107 37
235 232
18 69
166 213
115 101
260 333
51 55
34 197
317 285
174 295
362 12
345 204
20 7
47 152
213 77
54 290
165 298
169 175
214 164
188 185
30 346
268 193
38 266
147 59
232 349
269 94
108 74
91 2
38 208
79 182
211 358
213 86
31 51
242 61
42 174
193 10
131 364
119 246
191 197
159 300
310 327
223 180
280 75
85 307
378 303
21 129
232 211
378 158
214 327
39 168
117 46
9 365
45 140
268 96
243 47
226 77
340 197
280 82
316 45
289 117
281 358
350 304
325 90
5 226
27 157
230 58
174 256
140 363
15 174
237 10
204 213
309 67
292 13
311 355
169 139
261 224
301 329
67 145
251 259
56 222
93 39
3 195
232 298
229 58
31 134
197 170
360 29
253 131
227 151
189 209
154 53
228 28
66 339
29 93
123 341
286 227
147 14
4 218
215 184
346 313
259 44
253 342
365 199
349 376
207 275
136 123
28 57
325 247
328 45
149 65
91 350
219 328
352 108
208 289
29 376
158 179
252 359
347 150
332 271
227 35
195 347
234 290
128 219
105 291
108 11
316 234
262 106
51 111
317 325
137 167
141 34
307 262
349 159
332 262
188 3
83 303
212 137
89 15
115 181
288 275
92 131
183 372
149 196
100 355
299 302
1 258
184 30
192 46
85 226
199 158
227 81
191 63
322 359
325 159
57 63
224 366
156 309
292 191
307 161
3 15
169 283
281 164
378 214
199 36
147 194
192 195
48 120
11 76
12 86
140 99
380 210
54 34
77 195
151 182
339 133
178 240
324 300
319 235
222 136
284 142
86 262
76 355
24 329
153 363
118 151
306 366
55 276
27 69
263 299
47 14
58 366
39 335
282 374
311 158
349 71
231 195
158 289
15 344
53 21
320 337
13 285
215 250
365 116
183 344
70 353
209 86
86 161
253 261
364 264
241 325
276 279
272 246
357 34
158 296
348 353
209 61
172 55
339 43
142 145
337 328
210 273
215 96
343 47
4 289
217 63
22 197
227 114
98 294
336 229
16 125
56 164
129 306
257 296
77 231
332 113
7 305
139 377
110 304
270 139
221 274
230 21
142 65
68 199
362 134
182 91
349 127
178 109
276 123
317 199
344 219
237 37
37 166
225 275
189 322
118 296
88 160
184 190
332 334
5 304
202 328
283 178
57 110
94 208
116 210
173 170
302 329
103 41
231 116
124 146
168 310
82 305
250 165
330 93
144 137
2 235
10 379
165 163
186 24
208 5
177 363
160 301
15 42
273 2
203 321
100 373
262 44
247 45
195 326
222 373
24 81
339 293
91 209
210 374
2 226
373 211
356 61
11 7
219 233
280 46
59 85
125 46
55 327
259 56
78 156
227 332
307 292
31 32
180 144
229 359
377 153
213 200
109 284
92 372
274 316
348 347
154 83
312 236
80 189
13 242
144 308
314 313
208 204
351 309
230 40
175 354
323 173
217 101
298 302
45 253
128 247
4 220
149 175
138 32
226 207
154 272
340 59
230 35
137 245
292 132
94 183
296 266
25 263
334 236
304 336
31 308
142 329
18 350
205 65
136 237
84 216
123 15
347 144
203 183
372 136
52 379
313 145
326 322
146 275
221 99
3 304
351 350
81 155
266 127
105 45
273 231
221 148
222 2
137 189
304 103
24 180
118 281
255 47
313 154
315 138
377 258
269 138
142 168
189 83
240 263
89 336
346 187
367 227
227 23
97 222
317 38
126 323
198 112
334 193
304 367
196 226
65 343
301 78
180 203
328 244
41 267
98 74
319 117
256 341
280 347
190 226
375 162
177 159
325 47
182 29
165 123
330 375
294 140
333 95
145 306
58 349
282 357
234 122
90 231
200 379
46 357
306 229
112 348
111 252
168 222
351 301
228 56
357 193
303 5
75 234
94 154
96 341
204 179
315 127
246 224
139 173
379 343
49 326
360 290
378 65
253 41
289 184
296 212
149 222
153 283
28 315
163 91
144 380
54 324
22 200
295 106
27 319
289 53
242 111
281 294
307 76
328 306
304 267
181 182
95 378
44 325
109 255
36 289
126 279
46 3
283 95
331 363
7 315
53 283
89 269
219 100
58 170
259 103
351 62
86 185
112 233
311 267
96 19
300 101
302 58
328 102
164 63
96 185
155 97
195 301
159 307
84 60
317 258
154 228
304 313
313 235
107 249
120 315
293 164
211 49
282 151
101 113
138 205
29 319
306 49
240 352
332 139
260 245
266 361
361 90
131 352
242 152
225 48
220 205
332 168
229 36
160 218
128 51
294 53
371 248
283 331
237 66
54 288
265 225
64 90
214 186
71 50
311 142
169 62
333 157
262 155
195 283
102 333
11 246
380 372
61 218
209 177
247 196
158 250
298 163
348 215
204 364
51 324
130 68
206 92
354 125
108 44
220 264
148 93
95 310
243 217
14 247
301 294
79 185
318 276
379 262
280 363
140 85
37 299
71 113
268 241
8 292
101 4
151 110
73 377
74 73
184 340
241 274
99 67
253 96
238 193
316 269
150 110
280 91
263 370
104 308
106 216
356 249
258 293
251 148
278 52
236 269
40 32
313 134
230 184
170 168
344 16
235 348
236 102
312 57
7 266
97 301
28 378
303 261
359 360
108 168
3 44
223 50
163 338
311 378
39 81
375 217
216 179
336 183
104 147
341 261
70 278
183 45
64 150
295 45
321 182
346 182
276 352
365 318
84 72
305 240
215 365
132 9
27 245
145 130
171 280
323 101
15 22
222 3
305 152
182 230
21 172
45 86
380 80
118 137
94 48
289 128
290 14
3 312
99 204
180 94
364 152
275 194
313 379
139 185
112 345
59 110
44 250
355 97
323 136
141 177
145 227
143 360
224 361
97 221
23 262
260 180
264 143
233 64
131 161
153 263
124 237
177 246
94 56
147 179
84 246
140 256
144 264
309 61
295 126
30 315
314 27
150 88
180 356
372 277
228 50
356 207
72 73
218 232
92 303
309 223
20 294
207 14
262 90
59 39
354 91
154 108
198 13
329 242
90 43
41 198
134 179
375 368
109 345
21 40
332 248
3 303
6 199
221 247
259 115
280 140
317 155
139 172
17 370
199 142
353 237
362 373
166 172
32 283
307 70
274 261
243 238
6 190
263 293
142 308
111 47
77 75
155 372
83 147
378 375
186 136
256 51
233 147
361 102
343 306
127 60
219 311
340 158
342 51
159 195
365 274
151 55
300 293
256 131
20 228
192 317
219 268
221 32
199 357
30 356
69 124
53 141
256 124
350 26
341 130
276 101
258 332
60 155
229 130
85 141
323 34
97 11
165 7
276 126
145 225
102 247
128 61
130 154
154 347
137 289
183 195
346 105
186 165
295 16
157 47
323 347
218 47
96 154
22 77
281 312
248 144
249 262
339 59
12 115
216 121
141 337
343 78
366 334
134 111
113 16
341 148
53 256
293 273
114 302
83 175
283 330
284 20
108 221
64 91
29 125
91 377
129 258
220 306
293 196
276 12
140 353
81 220
304 296
125 139
127 251
165 335
204 171
370 242
78 259
303 209
279 247
142 192
93 217
33 367
43 70
232 312
361 212
299 154
228 345
28 366
357 96
303 361
19 158
58 274
114 288
84 53
289 113
35 62
112 278
311 366
276 316
262 231
90 79
291 281
151 139
248 165
30 331
298 3
64 130
85 313
215 221
159 104
15 162
71 321
114 347
265 299
220 146
343 187
327 29
57 22
187 317
132 29
48 170
67 173
74 268
196 272
81 182
373 331
329 146
369 332
188 122
343 261
126 111
350 258
280 378
119 297
40 360
310 225
223 287
6 238
192 182
200 203
38 309
295 196
85 203
87 102
64 15
67 10
31 16
183 245
115 278
372 306
253 113
291 249
172 249
174 166
273 236
138 8
251 52
91 290
170 325
7 32
46 5
50 248
141 271
202 271
179 106
75 266
371 317
100 274
86 142
240 346
227 175

345 1842
302 11
252 36
240 169
42 294
150 79
212 252
234 289
3 315
29 221
322 73
160 148
15 30
201 246
238 280
20 75
168 265
138 103
246 296
155 222
160 3
288 72
92 120
280 295
216 282
56 323
114 60
30 262
128 282
242 216
182 326
179 54
294 117
225 338
334 44
229 245
327 247
75 102
96 225
154 20
210 153
128 273
173 233
247 102
213 306
214 85
11 65
333 345
128 163
205 86
335 205
174 197
197 236
257 143
151 32
137 223
11 303
160 40
325 253
345 28
229 300
304 125
112 341
121 233
267 269
253 39
181 314
327 303
311 220
132 303
243 241
316 137
137 119
342 168
272 308
67 76
161 151
343 139
222 177
258 161
23 99
283 171
138 161
122 298
7 122
344 90
272 156
297 164
118 28
173 212
266 3
339 298
341 248
85 131
123 48
234 85
112 244
39 139
22 193
120 148
328 57
142 229
189 163
160 124
160 114
334 187
335 43
70 204
290 37
129 318
312 10
8 259
318 32
217 326
38 163
192 4
137 242
67 58
197 285
290 263
327 67
187 283
260 8
164 57
311 186
98 293
128 143
262 62
109 94
135 142
228 316
252 253
168 20
42 184
245 10
284 237
255 167
51 59
342 69
270 230
92 258
37 116
18 275
119 109
221 211
132 146
158 241
242 62
22 33
233 142
289 215
218 55
1 16
32 228
70 305
303 158
77 150
229 43
178 133
54 142
39 222
282 231
201 256
183 144
332 187
215 291
76 176
316 204
197 56
126 128
53 224
165 49
239 30
295 216
136 244
193 296
104 200
345 34
224 119
38 94
149 41
139 79
198 272
219 189
99 278
321 304
250 67
233 9
160 295
270 251
221 141
245 204
82 286
248 21
125 337
342 217
259 74
210 49
66 298
163 253
271 324
45 129
141 227
313 236
105 63
60 223
7 285
117 282
318 206
186 222
186 267
63 195
139 236
267 51
343 260
39 116
206 4
99 74
154 54
91 211
239 100
218 11
150 42
196 316
287 135
220 279
257 283
151 9
306 102
13 232
110 194
203 179
59 93
104 332
86 236
288 147
308 225
330 207
4 55
115 281
209 300
277 309
10 237
322 116
201 203
82 267
137 185
251 55
131 106
243 292
79 159
284 175
251 164
185 232
254 286
255 35
165 252
308 61
228 7
273 75
318 16
232 284
50 319
184 20
221 294
259 25
172 128
195 33
96 210
332 267
133 310
50 97
106 66
22 155
43 2
119 311
49 17
177 309
158 337
74 289
113 269
226 100
302 305
341 218
183 61
185 326
297 215
119 85
249 174
162 165
331 189
165 285
37 229
334 42
304 73
246 192
167 154
261 81
196 237
75 315
241 23
102 174
211 239
250 331
34 313
343 289
115 162
52 194
152 35
280 24
338 169
106 157
221 305
301 68
126 43
248 17
26 249
101 279
283 259
232 47
288 182
264 191
47 156
340 138
344 77
145 108
255 281
75 344
129 157
241 176
115 52
316 243
119 179
213 314
128 83
151 35
320 101
249 65
26 15
248 263
139 63
32 83
16 20
22 167
333 253
206 117
272 166
75 228
294 189
171 194
320 205
121 345
34 223
130 143
259 122
83 149
229 158
286 282
108 251
91 85
166 74
279 212
32 106
325 118
93 250
343 102
142 146
290 43
292 283
20 317
149 228
98 86
100 342
339 151
13 223
192 14
91 170
277 70
265 217
214 148
238 30
104 94
177 323
132 202
145 87
292 258
79 49
319 189
106 241
312 186
192 5
300 286
284 26
344 267
110 253
331 7
57 96
314 196
66 136
121 131
194 219
214 30
169 66
29 139
141 28
179 153
296 91
282 146
138 200
141 109
88 332
121 120
111 282
157 74
217 294
18 260
36 123
94 124
79 116
323 36
107 243
344 223
128 54
38 210
60 171
118 300
11 323
341 3
180 135
149 38
260 255
193 52
174 22
236 238
183 267
115 113
152 229
294 208
71 333
265 319
61 328
66 328
174 25
338 228
131 339
317 100
46 87
56 189
274 140
222 35
242 280
206 281
104 146
80 288
252 321
93 270
137 237
104 344
35 32
164 207
260 237
120 184
212 294
141 233
109 287
238 61
243 50
267 226
200 241
1 303
60 193
253 326
121 70
321 81
341 30
259 263
338 321
85 25
3 193
165 180
105 62
125 35
212 3
86 123
324 146
69 279
342 14
126 299
53 73
90 288
297 82
81 173
101 162
307 87
127 264
60 215
86 198
81 62
301 102
177 88
288 37
331 22
218 298
111 110
85 64
180 309
169 247
104 7
109 266
46 192
313 253
298 107
33 142
17 84
297 228
280 172
339 340
199 174
118 282
326 311
50 246
306 332
182 12
130 62
96 333
105 17
129 72
341 284
9 212
124 180
161 240
125 191
270 71
254 72
330 111
186 293
22 338
260 57
330 112
319 67
90 185
290 154
334 83
212 254
52 253
312 98
335 240
76 90
319 251
324 323
71 284
26 175
38 117
96 236
150 68
43 122
103 28
58 24
332 84
335 249
341 285
180 32
130 163
320 104
140 259
344 297
14 284
253 180
76 283
117 119
304 65
300 52
261 200
154 18
10 319
127 308
5 51
99 296
99 255
173 338
55 15
131 56
24 30
279 80
210 108
155 174
268 42
228 85
230 250
218 79
181 121
240 208
114 44
259 342
100 111
197 276
16 22
345 320
132 111
340 250
106 133
53 98
19 237
277 340
280 143
137 221
46 257
323 211
167 86
45 183
84 118
325 140
327 33
240 215
279 335
60 191
200 143
79 34
81 327
100 229
246 76
104 224
149 126
163 95
275 300
281 8
282 134
284 19
125 273
96 232
71 256
274 89
183 177
259 138
79 320
145 279
129 125
224 264
259 324
315 163
65 21
78 213
36 79
224 231
185 203
101 250
301 29
31 259
238 317
25 107
9 221
158 130
179 324
345 108
205 338
22 264
171 21
105 281
109 321
128 320
147 220
152 145
188 170
281 307
213 158
160 187
75 149
221 174
314 173
150 234
200 187
111 62
132 174
113 241
276 283
337 339
63 8
50 47
254 343
109 133
147 229
269 213
304 317
89 167
277 230
25 117
173 85
13 33
274 66
192 140
122 325
324 86
2 133
277 269
99 184
306 271
320 42
268 266
180 17
259 89
229 177
233 227
86 207
236 293
213 56
188 183
171 137
9 246
10 204
195 287
256 68
132 244
287 50
185 211
300 191
173 328
176 314
305 215
12 1
240 146
277 89
49 202
310 19
21 100
176 211
105 51
16 103
107 224
126 17
37 245
280 192
318 173
85 174
322 304
89 43
254 181
329 143
24 197
30 319
99 280
209 328
328 160
321 310
234 200
13 302
102 150
232 177
13 244
17 241
192 121
105 342
20 137
167 251
25 194
68 32
89 93
276 215
273 102
95 147
333 132
334 306
173 144
11 128
160 139
31 333
143 114
67 121
123 116
88 18
126 3
56 59
96 82
116 29
228 140
191 24
85 176
43 17
336 37
49 298
109 272
202 280
148 135
153 244
9 87
106 265
127 267
187 21
81 61
321 177
85 200
111 105
151 120
228 106
285 92
129 13
185 88
149 66
75 10
328 177
124 91
290 248
273 80
327 157
275 75
79 123
237 101
293 238
154 209
101 59
16 44
307 318
271 300
168 88
262 331
46 153
199 62
92 20
94 272
174 61
323 303
344 115
118 37
47 107
13 135
34 12
239 69
316 88
230 71
286 309
141 35
60 85
188 2
234 157
163 155
258 112
150 66
3 316
336 340
261 86
137 88
177 241
187 56
36 259
113 218
171 100
262 325
250 334
15 322
18 111
333 208
7 19
312 106
160 339
345 230
73 41
183 52
61 173
85 236
280 93
288 66
307 277
191 37
111 326
34 311
147 195
257 92
166 182
116 306
334 162
323 258
98 75
318 11
31 279
179 182
198 246
271 147
183 13
311 120
44 134
28 337
250 225
53 343
202 76
313 71
282 36
52 292
171 16
4 28
48 126
286 200
270 262
238 250
226 15
171 207
118 1
109 180
322 201
271 152
220 158
265 279
31 86
345 97
256 137
24 288
297 345
120 137
343 305
272 9
181 65
151 259
205 294
243 242
338 153
88 91
271 225
65 202
250 243
303 300
3 99
187 270
190 265
68 208
312 180
116 196
81 22
175 91
269 162
313 307
244 235
45 337
196 195
182 289
239 111
225 258
87 43
162 222
142 232
145 271
188 171
264 342
178 337
164 320
208 345
301 21
196 202
241 42
299 195
63 186
223 79
14 143
253 237
109 243
74 87
330 189
242 11
80 263
176 80
290 200
18 69
45 306
233 18
220 243
7 3
247 92
215 119
45 9
92 36
184 189
115 304
152 294
125 126
72 8
53 106
147 237
313 213
4 255
32 315
345 164
54 27
76 12
47 40
217 341
200 315
256 253
217 19
99 83
72 15
54 99
225 76
5 331
195 203
13 315
345 173
143 102
327 261
203 334
8 315
279 45
178 128
329 308
214 327
118 340
232 98
53 124
56 261
238 56
241 244
117 29
321 316
327 258
305 155
173 46
3 50
36 250
265 147
68 171
198 73
38 93
25 248
303 75
324 76
55 300
293 97
44 67
268 238
217 319
329 341
220 215
279 35
245 260
246 178
341 171
59 64
144 322
57 26
187 228
239 312
67 145
213 210
14 29
98 146
280 49
30 253
273 259
57 321
345 49
219 85
38 252
183 248
11 67
259 270
210 182
302 133
123 341
197 113
239 193
209 99
164 256
239 54
229 76
40 157
21 165
224 31
42 250
227 58
193 126
215 339
254 175
4 50
25 211
280 325
338 305
237 286
267 324
222 29
244 42
63 312
287 30
210 25
156 125
47 323
322 277
115 172
225 9
119 315
185 280
251 278
215 79
94 160
137 86
286 314
91 117
207 225
145 304
5 265
133 324
73 301
74 300
136 327
137 95
63 302
91 74
313 52
171 50
143 184
330 231
336 2
172 83
212 330
289 156
290 2
292 191
166 271
188 307
124 208
162 72
291 97
203 278
64 240
55 121
180 267
312 131
311 341
131 284
183 330
149 214
243 231
226 228
192 60
111 149
222 136
91 275
33 71
73 307
142 272
217 137
298 52
101 246
178 308
215 82
76 65
109 7
255 120
222 318
262 303
45 181
310 59
294 289
320 337
236 29
296 218
4 171
243 245
82 333
101 255
14 131
294 96
77 70
186 285
120 34
20 93
15 304
163 46
169 270
4 3
98 226
11 115
13 220
269 50
38 172
140 289
158 128
325 235
101 2
97 335
210 230
93 240
67 256
287 176
112 1
312 14
210 264
178 289
52 80
21 94
19 137
330 43
189 329
5 311
85 121
234 235
83 86
224 280
25 345
98 289
244 256
318 92
30 336
70 315
73 101
248 253
178 143
35 161
147 270
274 79
49 77
90 204
328 4
165 297
44 192
233 137
327 28
271 38
237 327
95 185
293 198
43 265
335 170
31 173
127 249
219 72
257 224
300 194
300 66
15 195
328 11
37 338
42 175
66 332
57 119
242 141
288 338
242 284
339 180
159 97
44 295
168 159
57 15
222 260
261 253
182 44
275 49
265 75
285 301
314 335
125 159
275 344
276 135
337 300
211 192
139 242
250 294
87 199
164 198
127 124
186 187
337 189
298 125
151 333
318 120
184 124
148 98
82 282
61 114
168 101
223 202
243 341
62 204
233 212
178 2
92 9
261 239
209 310
323 314
344 96
148 250
131 322
81 169
88 101
125 32
127 268
292 343
239 40
245 209
66 123
176 338
184 242
121 76
326 312
164 248
189 208
126 302
332 51
174 160
105 36
342 124
162 37
200 240
295 195
335 151
49 110
215 40
309 35
220 85
221 321
60 275
136 124
66 229
59 283
171 95
264 128
302 24
219 132
223 259
318 109
48 44
111 3
84 231
14 270
330 99
294 69
93 237
244 90
246 322
304 95
250 314
269 313
164 125
2 112
95 136
297 65
310 53
111 8
5 140
324 138
200 333
55 106
332 263
24 83
109 37
231 222
39 125
189 251
210 160
47 141
215 209
259 169
263 319
37 8
276 58
225 227
226 211
278 335
30 105
117 107
300 138
157 122
140 150
242 235
334 89
142 186
205 97
128 287
332 87
232 270
17 60
275 209
21 258
278 293
260 42
185 342
308 193
24 323
78 58
10 314
217 252
242 105
98 73
335 195
123 179
124 232
126 220
184 45
113 121
177 114
328 226
146 25
277 55
118 148
135 78
67 300
16 9
92 316
147 59
153 160
177 26
52 68
164 299
222 225
318 131
12 172
270 38
109 6
150 294
280 257
45 180
194 260
148 195
98 277
244 308
123 263
77 244
34 334
179 134
160 203
60 52
103 234
179 320
252 289
82 35
67 192
288 216
254 296
128 332
114 93
189 24
267 204
216 106
295 314
80 228
105 252
94 30
63 191
250 248
253 285
290 265
256 153
24 327
175 296
225 292
89 116
214 27
237 154
75 150
297 144
240 32
268 195
108 86
219 125
223 232
25 113
302 210
90 194
127 91
202 190
203 116
97 327
99 39
264 240
229 322
49 164
34 336
240 255
167 219
333 228
248 143
300 100
218 209
332 105
225 161
322 179
207 299
239 305
24 318
60 31
61 306
88 336
324 81
271 33
225 73
163 124
33 212
218 216
19 41
310 183
341 158
127 248
58 266
21 305
188 108
319 60
278 148
283 138
305 300
309 300
77 4
285 158
287 174
7 287
176 174
86 106
215 7
70 325
182 259
93 305
65 173
273 291
240 149
263 87
104 47
303 76
210 247
218 59
47 75
68 76
165 60
156 228
19 164
295 164
210 51
2 250
210 194
122 160
69 178
324 78
72 63
145 159
191 245
143 118
277 150
117 284
228 128
176 299
14 112
17 135
236 269
206 6
65 40
85 37
237 298
39 41
341 193
272 226
202 210
5 215
105 179
78 286
45 100
265 342
233 220
341 35
109 199
54 263
292 54
282 108
283 150
290 316
266 319
291 269
238 211
111 323
245 50
116 321
73 50
78 246
227 175
154 213
2 340
225 328
63 247
273 191
52 46
22 125
158 38
196 253
37 5
286 305
252 180
91 126
75 105
224 338
263 176
3 312
26 123
154 180
101 208
122 55
106 173
56 100
61 152
263 342
11 313
13 21
292 25
243 106
208 56
279 214
339 8
313 275
99 318
6 286
272 206
130 164
69 238
209 104
63 296
103 193
179 218
162 190
41 266
41 221
208 160
27 299
63 226
122 272
32 67
216 224
315 306
308 251
308 304
42 299
8 44
27 216
282 64
175 64
50 228
33 36
228 14
35 264
169 127
261 92
232 271
317 341
13 7
125 258
24 138
99 5
71 91
329 67
8 211
282 75
69 129
288 291
93 27
130 7
3 303
115 50
78 170
244 342
137 79
196 209
37 57
148 28
296 125
43 334
27 313
251 84
276 97
208 262
26 277
228 262
314 69
101 283
265 210
249 53
216 245
129 120
169 193
151 284
279 331
68 123
235 151
244 239
287 93
272 298
259 97
228 240
26 143
314 319
314 63
178 56
265 36
175 100
148 186
224 251
106 332
335 275
69 323
235 103
180 183
60 10
300 102
12 306
107 33
198 311
236 331
233 46
178 332
38 287
41 9
101 239
111 58
314 280
103 283
160 51
182 174
2 279
67 177
326 196
184 296
320 184
285 320
252 118
149 241
242 146
70 328
300 306
256 249
275 327
293 172
224 120
190 342
186 172
50 34
145 171
3 232
62 304
248 151
50 181
201 39
193 336
179 229
40 189
80 345
54 312
206 50
49 213
109 296
219 165
263 238
267 235
93 74
24 36
31 148
199 200
244 223
313 10
204 162
187 122
245 117
66 159
69 295
162 308
257 104
2 161
266 259
33 116
297 98
79 99
32 241
106 280
35 201
170 54
121 266
197 165
147 295
314 316
116 11
298 146
212 105
109 212
149 139
100 92
47 226
324 79
308 129
76 165
132 343
133 58
285 292
6 134
288 44
125 150
201 274
254 81
21 144
263 55
68 157
141 140
289 3
35 44
326 136
20 149
259 193
141 285
155 15
20 260
44 53
263 213
88 103
189 268
31 131
197 151
6 8
322 286
216 261
142 45
200 20
326 131
94 298
314 4
23 161
46 2
216 180
56 232
192 274
292 344
331 306
242 318
98 27
310 14
342 312
162 146
74 16
97 260
127 21
255 32
292 62
206 17
7 32
228 6
72 85
108 244
50 318
239 56
5 107
9 160
107 192
146 51
111 114
222 147
150 257
319 65

341 1896
72 205
280 261
297 54
102 340
251 299
93 15
242 161
333 171
26 120
154 181
51 112
184 26
19 200
9 303
159 218
15 321
199 51
330 251
225 7
100 127
29 37
324 70
308 108
146 204
59 152
149 193
56 108
185 149
270 118
43 339
196 86
157 223
182 241
61 257
107 79
75 102
172 78
6 11
241 184
222 106
308 26
55 197
81 29
188 45
111 137
243 257
281 168
235 11
315 326
264 190
253 46
274 190
94 152
314 146
338 163
213 315
35 129
129 324
185 167
61 162
228 280
319 20
216 320
91 93
110 235
239 278
3 121
277 53
139 60
252 72
181 68
150 107
210 139
175 81
289 163
238 325
3 279
44 6
17 44
131 36
131 114
3 126
132 77
2 127
189 172
49 183
233 146
330 287
332 239
98 275
262 189
112 22
209 58
297 309
280 155
228 241
303 316
40 81
205 340
229 233
50 54
70 189
327 219
191 173
195 211
307 87
275 126
78 188
17 30
114 317
280 226
267 25
214 319
255 107
114 195
115 294
188 48
98 248
189 47
118 129
193 212
67 261
285 177
178 333
125 7
198 327
327 282
82 241
190 22
147 266
293 162
126 73
42 184
1 31
207 37
214 16
292 311
57 219
59 203
85 301
340 27
106 226
125 326
198 201
199 213
121 84
295 187
297 296
280 240
13 92
127 66
169 147
337 335
12 289
56 198
8 254
216 65
179 119
201 38
297 128
154 315
160 211
246 220
15 273
254 140
76 289
139 86
87 163
126 305
236 228
129 92
114 127
190 184
57 306
315 51
277 221
227 328
84 199
339 185
234 33
58 275
225 290
181 2
21 254
176 121
325 301
288 253
201 328
218 57
237 310
39 53
80 42
249 280
177 222
140 38
238 175
130 204
82 213
287 172
16 235
307 297
163 108
20 24
223 206
188 124
319 44
69 303
42 156
43 38
49 198
70 139
304 335
87 294
328 325
274 236
296 174
318 206
138 7
11 287
16 226
128 17
132 118
51 135
135 235
85 178
34 282
17 306
131 310
42 135
122 169
173 139
130 222
278 261
153 103
317 310
331 95
55 24
97 258
281 203
161 80
290 308
258 96
95 118
43 20
334 64
288 85
177 176
182 52
20 268
132 326
13 144
20 70
131 221
170 32
322 231
45 86
71 303
23 72
301 241
139 26
341 42
312 235
96 221
209 293
230 168
305 257
74 243
240 2
225 101
336 160
155 43
123 168
178 277
15 16
187 33
146 48
136 102
48 269
146 67
310 88
79 267
169 226
335 64
191 154
194 234
310 203
41 56
60 268
262 110
13 130
183 61
133 174
335 299
264 83
126 57
74 3
240 338
45 77
301 227
17 286
140 105
273 69
76 193
260 264
261 81
120 336
76 80
132 194
175 155
92 43
256 185
111 131
210 7
103 336
235 21
74 157
121 222
287 211
244 156
268 188
310 259
80 138
230 106
286 296
108 133
116 69
64 99
101 279
18 99
150 81
105 125
33 51
311 198
37 316
264 270
302 330
31 274
162 95
200 278
257 63
277 52
116 76
267 66
324 113
325 141
74 143
333 187
213 141
235 78
73 77
291 130
274 182
207 30
214 100
252 303
17 35
53 156
315 245
157 209
125 274
190 267
292 65
95 65
151 286
214 12
50 290
147 69
4 151
197 221
235 297
66 190
67 52
158 157
185 33
277 70
80 270
280 267
138 284
284 152
161 24
272 5
285 332
244 9
245 238
252 188
208 286
35 183
329 31
126 8
102 91
65 198
181 232
146 1
240 158
332 143
132 340
163 277
308 285
78 21
261 22
154 112
68 107
328 291
81 76
224 244
78 132
38 219
41 152
44 310
84 26
323 204
95 47
99 40
134 148
104 61
139 91
200 91
146 139
312 170
264 322
123 248
32 238
115 25
136 284
102 236
215 265
101 316
70 334
239 120
62 212
66 139
9 112
303 202
141 102
108 274
19 259
331 53
295 11
260 255
289 214
308 182
219 174
3 234
141 328
73 18
165 55
78 300
91 25
184 218
168 116
59 48
260 87
104 337
72 165
257 21
313 112
68 49
290 215
243 45
123 246
51 8
197 41
70 297
2 9
242 280
63 282
306 70
36 248
78 264
184 336
194 140
157 56
76 168
285 148
179 68
115 111
120 101
7 273
245 262
324 171
38 199
206 147
193 110
267 61
141 145
108 196
309 69
37 320
331 216
290 202
207 176
338 321
161 54
142 208
147 7
22 111
26 98
10 248
124 187
273 240
93 90
299 337
222 188
208 192
279 175
159 224
257 120
278 109
126 299
271 6
76 222
154 166
233 228
184 7
147 125
71 54
83 229
157 225
52 6
192 118
106 81
17 298
36 321
163 234
131 141
310 79
242 90
172 100
32 169
218 19
239 204
96 182
171 235
337 60
155 85
283 24
262 198
284 128
197 13
6 118
335 292
107 272
258 201
150 268
65 142
122 258
288 171
294 268
115 170
207 143
46 11
266 293
50 246
82 259
10 100
189 325
96 102
276 167
24 184
90 185
18 119
201 301
226 319
30 285
325 57
128 208
148 147
214 311
189 111
33 341
89 299
28 34
221 233
281 44
45 59
195 41
31 120
312 267
334 43
228 167
193 67
48 261
88 156
12 57
256 338
115 251
22 147
296 227
280 18
106 147
53 222
330 14
320 271
65 299
138 35
306 23
17 200
3 13
299 124
230 195
33 72
206 104
117 24
119 260
156 306
294 128
305 55
181 167
271 144
130 186
246 312
302 179
18 209
207 242
299 117
302 34
73 269
129 99
170 234
260 165
122 220
175 74
294 187
151 320
9 57
30 204
269 2
314 259
239 292
197 288
90 219
112 248
186 140
43 208
280 318
59 304
278 18
211 109
322 56
288 317
225 153
130 221
296 103
160 33
79 226
330 138
25 19
189 170
245 61
232 30
176 133
73 228
309 134
27 160
45 193
123 283
197 75
75 156
336 310
191 311
124 250
270 130
257 159
13 47
199 121
192 190
230 239
36 47
152 145
134 298
318 87
266 185
233 42
273 25
318 38
305 83
109 99
40 203
167 263
20 315
106 1
4 96
139 37
214 172
152 333
10 218
123 226
233 19
145 79
221 167
204 33
324 269
17 21
240 277
337 315
10 60
66 177
262 338
31 75
179 338
73 321
255 18
222 276
95 46
98 331
119 329
191 76
33 102
75 50
168 165
99 184
128 239
73 104
276 231
316 175
208 229
212 95
240 155
188 192
136 38
248 299
29 122
158 262
86 183
263 242
273 42
310 139
257 317
316 166
97 297
85 308
61 259
190 275
50 73
90 269
110 151
187 288
79 301
248 306
199 83
16 68
272 98
256 273
131 338
22 82
189 56
130 243
206 286
226 63
160 236
109 71
320 87
234 190
307 156
191 123
212 295
30 319
52 275
128 254
262 137
109 79
47 87
53 247
238 173
15 175
237 11
203 135
127 123
21 5
45 255
303 81
286 251
238 197
3 192
314 224
333 132
6 234
232 297
142 320
145 44
96 296
119 115
333 95
106 196
171 268
278 243
44 274
251 168
72 219
146 84
149 57
187 250
268 12
217 153
92 181
255 63
64 113
249 296
106 188
291 66
274 246
60 208
261 305
123 13
270 122
201 337
256 223
38 246
222 339
41 229
118 256
48 204
95 112
63 91
315 224
280 62
261 100
172 244
338 195
103 65
275 244
199 280
58 255
131 223
49 13
141 42
15 186
112 166
38 233
258 307
61 243
46 153
51 334
34 298
97 199
215 222
70 212
244 129
67 309
299 310
108 11
270 57
124 165
137 160
144 286
163 10
208 182
146 65
97 325
200 148
166 279
149 197
263 317
174 183
177 241
52 109
20 86
278 300
115 274
160 6
35 124
171 51
217 68
254 195
228 55
270 308
155 221
100 201
196 274
19 101
338 63
302 169
175 266
214 142
113 172
166 182
225 29
171 185
263 162
67 293
106 8
33 56
186 246
201 20
93 30
148 162
81 129
321 229
160 165
108 112
19 145
330 54
338 54
84 249
144 259
163 33
114 218
278 169
44 228
283 222
286 185
91 259
78 63
189 8
317 51
321 333
214 240
70 222
112 27
293 58
245 332
91 33
112 106
40 215
210 100
103 243
305 184
202 119
64 124
59 307
98 279
268 221
159 323
58 50
242 192
326 53
172 272
93 327
248 272
319 111
289 200
199 16
129 124
333 244
193 223
72 98
74 330
297 169
155 7
35 176
239 111
151 51
25 6
37 184
46 206
89 118
307 43
326 206
197 51
294 173
133 97
119 295
184 199
327 235
60 6
206 221
117 83
27 256
10 328
268 123
282 104
144 41
147 228
149 131
152 334
195 272
229 103
281 113
301 14
270 141
294 55
260 99
227 16
67 36
273 307
220 17
314 205
207 79
103 46
53 155
6 297
150 229
282 340
161 176
114 240
278 71
227 102
28 77
339 87
53 115
92 210
96 149
19 278
34 215
200 211
102 229
36 243
270 183
65 274
139 250
210 193
162 313
236 285
40 48
277 88
94 44
146 251
199 311
59 218
82 290
161 209
179 238
258 300
44 285
139 243
158 230
253 241
240 138
25 178
22 251
99 65
63 47
30 316
88 291
65 285
2 111
117 163
283 55
55 150
317 236
85 197
4 266
113 55
224 331
44 171
71 20
296 258
226 95
112 90
170 61
151 13
299 140
246 181
319 193
14 319
257 205
225 305
9 311
48 214
54 257
203 12
28 81
285 243
207 40
12 10
94 65
277 154
298 241
304 200
179 50
222 336
296 39
176 60
265 134
89 61
200 24
328 45
79 256
335 127
10 281
335 15
251 273
289 137
94 185
243 11
190 91
86 24
313 61
201 200
41 92
295 249
197 321
125 164
37 232
186 239
262 328
120 103
265 322
242 83
11 89
264 313
337 43
38 73
282 274
247 4
293 300
166 42
223 47
80 311
210 16
193 72
175 263
31 2
145 304
203 51
3 174
44 143
279 293
287 238
290 11
204 18
295 286
29 217
86 42
178 267
200 228
256 54
172 301
249 179
291 242
158 189
110 218
165 282
295 124
120 228
102 323
287 215
3 292
261 94
246 121
301 55
340 246
236 71
114 160
295 117
22 168
8 329
48 120
216 148
26 86
154 131
104 244
328 146
319 161
174 305
184 155
3 116
117 126
262 308
326 218
219 316
42 287
176 186
213 129
196 79
242 198
207 18
338 159
319 131
251 124
59 27
83 145
17 184
85 110
256 313
114 37
100 16
11 122
70 214
176 44
166 304
22 21
60 270
263 288
85 277
16 158
130 321
205 17
261 271
125 303
328 239
24 157
26 129
66 213
216 250
93 247
335 46
155 105
215 68
55 191
130 18
317 181
266 12
310 33
92 335
217 321
328 135
137 205
213 43
87 155
12 122
227 157
45 329
269 43
20 121
60 144
188 93
284 99
86 179
32 281
325 212
162 214
111 169
186 167
205 148
120 159
229 323
174 11
157 81
50 45
126 256
294 330
243 91
268 203
93 122
203 339
59 182
247 95
258 320
216 312
207 296
135 138
231 150
88 160
89 214
325 308
38 41
341 215
24 317
43 62
145 181
138 64
185 274
282 290
138 111
304 310
341 159
161 265
204 169
264 253
85 11
212 217
109 298
327 194
21 277
43 68
173 163
330 259
103 38
68 286
341 152
324 160
15 91
53 276
227 1
264 21
88 174
70 2
206 55
8 26
63 33
232 99
340 268
215 319
53 123
237 313
35 18
243 46
99 168
321 307
12 30
129 286
107 296
158 84
159 110
293 270
296 51
134 237
3 76
116 184
27 239
67 171
88 70
22 107
98 152
8 144
134 271
69 68
53 245
257 269
200 337
263 89
168 101
208 204
192 123
289 13
254 162
122 170
97 35
71 164
164 282
231 53
94 95
234 31
42 240
38 76
25 201
263 67
242 177
78 70
133 46
145 27
310 149
61 135
247 49
268 295
161 251
307 315
254 93
130 256
21 164
244 83
283 255
236 181
310 66
131 291
165 64
276 69
196 48
1 311
55 252
249 160
139 129
158 176
205 203
299 10
262 7
197 98
128 220
41 59
249 312
340 175
189 92
239 71
173 10
249 169
304 199
103 20
329 193
303 134
69 271
269 306
96 232
336 12
266 299
273 64
291 289
58 28
332 88
240 41
244 327
132 108
318 31
254 109
113 79
38 339
59 247
95 262
31 101
312 270
205 253
261 187
9 338
229 316
303 143
261 204
71 240
273 57
243 225
334 279
190 77
298 314
207 321
245 190
138 46
142 99
140 321
189 156
82 54
303 148
69 241
14 89
38 99
150 82
209 268
303 5
119 33
275 105
115 51
206 293
20 1
173 228
330 52
152 86
140 309
120 256
208 157
61 277
211 248
286 191
309 177
37 284
278 30
267 222
242 199
118 258
11 213
180 49
36 171
113 114
40 302
223 253
284 23
89 249
39 144
23 97
82 40
251 87
25 184
118 239
172 198
303 11
159 333
289 166
310 171
224 227
207 26
119 132
216 18
273 189
203 233
40 277
41 169
284 110
322 217
35 26
326 186
3 101
247 145
14 50
309 131
192 297
200 185
99 150
264 288
194 116
17 24
40 199
278 193
197 287
127 82
176 91
196 22
107 46
218 39
127 35
182 65
221 58
167 179
245 293
175 211
89 163
54 190
144 156
38 55
173 287
31 290
260 335
208 8
189 42
119 226
199 330
112 57
310 188
130 229
297 153
250 155
107 254
52 88
175 297
111 64
176 144
9 272
45 7
65 262
253 228
265 225
117 90
65 76
68 207
87 168
250 51
233 25
268 195
329 305
239 23
137 150
264 74
14 321
70 322
164 91
313 2
132 159
259 90
65 212
159 8
90 212
57 5
166 106
25 236
194 182
200 70
83 92
48 10
177 167
70 298
148 93
95 310
152 24
123 98
251 41
16 242
294 39
24 82
102 106
232 213
36 332
115 205
44 183
93 172
159 134
182 45
315 123
94 195
189 53
335 10
177 216
180 115
320 222
66 102
14 307
108 186
273 139
257 179
212 290
90 73
75 218
8 145
62 292
267 339
159 284
307 303
154 195
340 61
66 144
157 156
48 160
47 232
186 50
167 244
11 133
268 231
108 287
243 172
144 300
21 341
43 133
79 148
9 309
210 37
203 117
138 147
258 143
164 249
224 324
260 223
334 66
51 106
197 127
93 62
78 71
226 84
64 300
266 117
251 68
247 313
204 118
333 11
244 45
318 250
340 67
72 267
71 301
41 279
66 313
207 130
265 21
34 129
332 43
286 255
29 197
310 312
94 78
170 45
179 204
114 181
318 315
269 312
223 217
74 109
99 127
25 316
50 242
79 77
316 273
59 147
282 167
113 83
20 57
39 239
332 256
31 12
107 87
40 28
10 98
266 296
36 132
219 149
86 38
132 305
152 218
61 32
101 217
139 289
286 101
254 119
72 19
334 47
84 101
91 196
20 183
116 227
336 4
279 316
307 120
182 128
243 224
337 27
174 189
177 239
145 6
273 201
111 25
289 73
326 86
208 167
138 190
304 69
145 288
1 59
40 10
100 59
147 53
27 78
268 185
108 115
36 316
171 46
116 260
74 327
296 213
172 210
248 227
69 27
39 227
294 14
295 148
278 308
246 311
211 326
90 246
204 338
238 10
79 327
284 135
159 191
142 29
57 80
333 195
322 52
130 132
287 204
206 115
270 100
89 267
203 319
320 113
286 287
161 169
256 131
96 29
102 39
305 263
243 79
152 323
52 164
236 22
273 36
319 179
106 332
16 151
257 326
167 266
49 81
49 162
126 287
258 37
196 166
218 215
263 113
295 306
218 167
82 240
232 338
179 151
217 328
157 190
126 72
18 49
202 111
106 238
187 196
245 11
191 67
104 59
285 26
313 209
225 55
320 184
266 79
11 99
105 92
293 219
66 26
175 219
252 132
19 144
44 307
192 17
301 156
197 256
146 117
169 172
205 139
14 4
60 322
5 335
48 20
105 69
160 296
309 339
142 95
131 82
16 311
55 53
39 223
207 3
248 117
215 164
70 9
127 72
292 19
42 173
138 306
85 9
30 305
110 3
25 297
99 165
215 145
132 240
321 169
103 177
86 107
135 16
107 306
144 312
202 9
259 66
23 37
46 307
277 101
61 323
100 73
124 51
110 10
202 17
3 214
43 278
232 319
30 331
159 278
308 41
8 293
281 73
262 37
231 302
341 175
15 162
40 171
132 142
98 307
148 270
187 317
279 261
63 40
46 240
49 199
182 37
6 312
175 14
241 115
251 38
17 245
276 339
253 135
189 213
65 47
51 236
273 90
260 299
134 147
156 324
196 307
329 323
205 70
133 180
62 106
118 71
72 261
281 196
28 61
13 122
324 46
273 277
116 136
32 151
164 73
274 300
22 123
238 39
117 183
323 127
52 156
200 242
265 14
317 251
55 22
91 290
74 99
76 323
27 244
212 245
323 298
56 292
225 102
120 321
102 300
157 324
103 125
106 163
221 295
339 327
1 166
227 36
300 150

278 166
66 196
196 39
46 197
197 188
79 198
198 150
35 199
199 121
30 200
200 111
138 201
201 68
84 202
202 67
195 203
203 15
94 204
204 105
37 205
205 155
149 206
206 61
100 207
207 36
96 208
208 145
83 209
209 185
100 210
210 27
105 211
211 191
28 212
212 173
19 213
213 5
109 214
214 175
169 215
215 83
150 216
216 170
115 217
217 156
162 218
218 60
38 219
219 58
17 220
220 42
191 221
221 192
67 222
222 182
111 223
223 117
10 224
224 181
143 225
225 42
125 226
226 139
165 227
227 46
57 228
228 96
156 229
229 46
170 230
230 65
4 231
231 148
114 232
232 149
107 233
233 140
92 234
234 70
116 235
235 123
110 236
236 188
39 237
237 110
78 238
238 114
123 239
239 84
133 240
240 128
116 241
241 35
74 242
242 134
99 243
243 94
133 244
244 24
180 245
245 184
135 246
246 36
109 247
247 30
46 248
248 186
195 249
249 156
184 250
250 98
160 251
251 132
26 252
252 103
179 253
253 10
99 254
254 113
139 255
255 12
155 256
256 117
6 257
257 147
153 258
258 39
39 259
259 52
174 260
260 63
88 261
261 60
139 262
262 136
178 263
263 37
67 264
264 45
92 265
265 163
131 266
266 53
87 267
267 116
161 268
268 165
154 269
269 133
102 270
270 5
87 271
271 58
20 272
272 104
184 273
273 33
127 274
274 67
136 275
275 155
99 276
276 123
120 277
277 31
97 278
278 105

250 154
135 174
174 121
63 175
175 135
49 176
176 125
143 177
177 31
15 178
178 74
20 179
179 74
31 180
180 54
52 181
181 156
46 182
182 3
123 183
183 127
142 184
184 61
154 185
185 134
73 186
186 134
97 187
187 32
92 188
188 62
81 189
189 18
100 190
190 71
170 191
191 22
91 192
192 84
59 193
193 14
62 194
194 78
39 195
195 173
19 196
196 164
30 197
197 104
121 198
198 76
120 199
199 68
168 200
200 137
49 201
201 44
86 202
202 171
35 203
203 135
52 204
204 145
125 205
205 16
98 206
206 90
59 207
207 72
117 208
208 153
67 209
209 66
98 210
210 28
28 211
211 43
170 212
212 74
162 213
213 127
118 214
214 12
22 215
215 17
60 216
216 92
121 217
217 134
16 218
218 171
23 219
219 30
63 220
220 47
86 221
221 19
124 222
222 45
10 223
223 116
172 224
224 112
163 225
225 144
67 226
226 12
66 227
227 133
144 228
228 88
61 229
229 69
145 230
230 132
10 231
231 63
28 232
232 53
78 233
233 133
116 234
234 3
33 235
235 151
144 236
236 126
122 237
237 125
11 238
238 41
16 239
239 162
16 240
240 43
11 241
241 32
142 242
242 65
65 243
243 19
104 244
244 47
40 245
245 145
47 246
246 83
129 247
247 96
99 248
248 164
125 249
249 164
108 250
250 163