1000 9906
622 362
489 686
755 135
518 97
722 452
850 657
389 19
673 136
780 676
570 880
385 660
316 696
907 555
345 152
703 141
463 680
228 355
356 312
468 722
750 232
420 605
369 179
42 235
195 523
614 982
333 937
123 381
494 644
62 456
340 234
32 811
17 57
368 211
88 258
669 166
925 967
268 462
17 202
917 983
352 679
60 104
316 450
875 181
692 613
72 550
400 109
867 473
357 523
858 992
469 669
718 524
704 170
248 214
642 400
625 744
866 754
885 150
807 24
961 686
961 547
590 757
948 882
756 229
364 759
120 127
176 945
284 215
361 123
492 923
328 76
666 398
250 538
495 224
466 806
68 118
586 144
590 919
367 26
868 733
247 131
300 417
599 863
68 901
435 644
718 123
2 993
656 846
197 712
845 76
938 446
76 467
336 100
891 498
208 864
518 77
901 347
192 613
686 759
893 305
622 241
289 163
57 191
310 539
829 553
596 788
787 13
311 987
591 815
27 384
212 652
791 515
200 800
476 777
792 548
960 582
960 517
36 961
378 381
424 259
583 941
251 460
622 813
914 154
229 278
902 213
101 829
98 89
835 455
45 574
905 421
964 960
692 68
238 677
22 854
633 837
409 403
324 62
322 640
976 672
594 680
948 912
615 706
980 77
620 84
509 499
143 771
837 213
372 44
305 93
913 670
664 548
456 46
996 680
615 134
255 1
401 952
219 849
92 193
519 444
365 290
595 170
357 227
567 80
272 607
717 323
954 23
931 191
498 443
320 935
375 963
176 187
622 448
947 917
521 569
423 73
452 495
716 652
612 333
851 739
726 477
656 915
363 793
90 115
312 169
656 353
505 845
962 191
177 769
954 587
938 180
669 36
302 695
216 436
215 702
614 63
905 150
869 685
856 708
911 904
593 667
596 526
890 303
308 611
786 34
577 175
47 71
416 643
109 778
822 40
331 272
596 492
583 38
841 451
587 35
553 471
239 796
993 264
648 445
79 839
887 684
320 94
728 75
726 746
433 337
749 715
790 375
828 190
279 246
709 365
1000 895
140 88
876 210
112 367
371 426
438 780
997 563
839 764
831 700
300 180
763 814
257 111
702 939
690 767
68 63
766 82
508 294
200 79
241 677
292 551
718 882
777 705
188 752
851 304
870 508
637 479
56 526
292 694
738 834
703 724
885 529
742 186
232 335
217 573
750 657
117 105
594 389
704 717
815 863
989 645
581 665
160 939
638 842
894 720
321 454
440 395
371 693
299 432
392 366
191 102
659 304
501 671
104 167
639 921
198 721
215 749
385 824
338 972
209 476
571 604
982 49
345 44
218 290
401 258
700 994
826 549
403 332
411 937
942 448
311 688
166 157
43 738
190 791
484 560
821 927
238 515
313 680
558 738
397 56
41 86
667 422
317 225
304 640
313 906
905 590
429 888
310 596
931 714
35 385
418 523
898 172
674 219
518 770
888 685
766 690
947 372
508 646
788 816
371 390
984 751
947 485
842 245
770 118
664 749
662 72
832 803
561 347
724 241
591 174
528 44
231 995
543 172
676 124
490 171
608 794
387 587
707 606
358 864
728 611
124 564
905 837
64 635
563 595
470 923
771 638
333 177
25 832
957 855
964 85
340 847
971 819
223 710
439 517
759 944
428 282
621 943
324 347
445 94
539 964
371 736
301 693
930 167
859 119
708 880
926 203
640 496
329 849
592 985
340 752
405 728
445 795
726 372
817 680
123 161
34 690
184 27
21 936
264 83
290 923
330 732
810 66
973 438
385 949
84 419
556 480
52 999
716 152
180 220
744 849
336 579
605 688
134 810
160 337
127 301
762 12
677 101
538 413
518 863
437 534
283 266
247 757
50 19
931 742
328 433
805 129
681 499
705 277
961 899
987 655
770 171
827 806
684 613
22 4
650 981
335 199
529 848
876 425
917 281
131 652
327 858
236 927
314 945
81 986
462 438
132 836
552 301
92 254
864 15
578 821
704 504
408 37
873 471
729 859
950 125
237 329
368 793
292 639
721 795
703 671
764 927
323 67
437 215
129 782
383 783
24 100
299 218
372 572
868 619
586 987
954 850
498 118
560 453
195 902
979 928
855 22
622 263
889 592
475 682
455 245
646 166
195 712
665 936
173 981
816 524
273 11
429 764
265 363
817 950
178 956
724 601
61 977
423 718
411 174
891 942
50 322
602 311
485 913
587 425
400 285
225 616
516 123
792 707
830 799
10 980
305 656
964 961
308 557
882 630
766 899
598 410
819 91
303 915
447 863
545 767
583 355
236 334
352 710
311 188
205 921
520 811
104 876
102 355
546 159
158 529
128 580
610 334
975 122
686 11
656 42
895 435
593 979
874 250
345 968
948 945
205 332
912 280
724 920
31 464
660 384
555 730
349 557
229 177
137 581
615 278
232 235
875 621
251 857
267 998
246 826
615 359
963 222
746 210
397 796
513 19
915 931
823 890
798 121
985 555
397 877
806 523
863 974
630 975
276 862
284 289
271 37
664 447
5 137
713 854
952 506
422 482
207 840
498 892
264 924
967 834
699 756
848 202
167 314
616 182
302 551
820 32
52 970
976 302
705 992
545 863
359 611
531 156
421 12
902 725
265 528
31 717
821 555
369 932
577 95
444 82
947 125
969 661
880 40
657 48
966 58
643 83
2 231
420 42
273 440
905 819
468 429
510 32
286 604
79 21
979 27
9 25
984 643
568 834
348 58
678 728
987 405
866 554
813 113
763 926
675 16
197 988
173 219
127 543
367 492
775 53
454 605
596 817
304 598
237 560
293 878
58 229
778 250
637 79
735 526
470 862
256 192
591 418
8 609
890 797
642 98
128 394
220 544
519 214
228 107
266 264
893 263
509 542
794 866
392 254
323 454
678 716
436 239
332 392
730 23
783 3
949 311
781 535
958 63
174 526
781 606
824 63
668 373
277 783
703 329
662 63
619 642
450 737
515 607
790 583
593 356
153 642
853 45
485 937
434 173
271 277
808 354
635 365
448 113
710 377
162 803
770 930
420 255
649 999
814 299
808 128
867 818
300 996
49 300
361 722
714 86
201 121
59 375
760 488
10 593
852 440
430 786
563 692
19 114
45 141
611 392
419 236
719 57
666 183
775 891
188 951
333 220
218 378
271 552
883 256
367 403
462 445
798 315
46 700
429 332
487 602
881 807
92 138
737 347
224 955
759 770
524 287
655 711
231 593
573 806
91 921
730 695
379 335
161 240
72 309
860 310
896 290
849 35
668 737
371 739
815 882
506 797
18 426
902 198
885 790
9 181
743 753
671 399
51 526
363 736
494 334
846 995
351 323
970 306
530 416
610 658
555 127
892 212
363 237
846 701
703 284
583 826
40 970
299 184
960 747
373 842
672 31
620 317
117 341
781 292
196 836
322 523
341 285
325 888
239 998
300 682
925 965
948 410
400 208
993 311
131 64
451 703
678 406
239 708
685 426
408 618
652 309
106 779
69 133
72 951
832 913
170 792
870 889
283 555
909 819
72 774
783 878
842 278
291 100
534 160
884 941
997 586
887 810
659 977
625 895
849 579
885 261
667 638
524 221
894 45
737 246
223 775
283 663
413 65
831 580
445 538
686 313
745 259
163 796
222 148
703 670
746 255
394 40
196 220
730 888
24 101
668 854
501 899
906 79
911 498
772 916
385 544
485 315
544 987
182 589
102 637
15 350
553 771
401 542
54 496
96 550
185 135
68 564
161 510
218 249
77 770
206 606
9 34
82 920
928 344
806 345
365 7
440 162
973 456
976 436
351 52
800 898
307 178
604 676
826 730
958 503
264 223
327 220
705 948
523 743
156 964
730 481
880 446
347 851
598 296
106 570
530 72
535 313
171 160
60 159
408 680
942 293
70 32
734 75
60 14
575 953
952 911
66 667
305 881
219 663
715 298
149 704
386 18
74 44
832 78
62 855
378 520
918 124
442 301
480 104
443 92
427 563
814 61
541 795
413 636
434 697
297 759
210 80
118 585
965 192
107 728
571 201
866 519
650 552
260 490
451 215
897 977
1 4
422 980
826 181
392 984
850 19
408 2
7 106
641 468
200 307
932 588
203 596
366 128
21 299
256 148
3 993
233 734
518 47
587 520
859 303
94 552
406 996
687 605
542 304
708 530
327 393
501 137
845 630
742 683
104 363
952 217
94 330
648 242
497 268
460 400
796 474
564 46
660 633
762 666
905 374
155 115
877 370
491 443
386 805
387 4
45 544
959 668
492 130
973 816
781 253
966 59
92 716
112 274
496 689
500 345
467 16
269 826
128 690
515 62
55 437
649 676
402 243
257 835
773 551
318 884
111 679
665 239
410 402
504 489
745 307
166 189
953 548
382 462
63 913
836 151
128 784
837 378
56 673
326 753
310 234
546 284
523 764
586 525
660 276
110 327
238 376
918 580
928 708
232 177
640 200
567 295
564 607
68 878
750 262
402 806
989 738
8 753
560 398
103 852
953 81
937 564
310 598
539 792
977 811
134 256
63 442
450 941
236 476
679 28
366 361
528 988
904 282
784 630
113 583
425 138
154 984
914 62
799 764
132 7
18 818
566 720
473 775
950 819
188 302
668 96
970 328
847 514
169 431
905 483
65 334
49 577
66 545
305 735
287 475
291 924
952 578
149 550
204 396
135 535
980 16
861 787
843 296
348 842
482 896
925 770
589 937
904 884
165 669
524 980
227 940
818 249
268 154
694 54
185 716
52 629
922 171
431 166
470 703
552 420
24 765
25 36
577 535
512 594
215 361
533 836
422 909
828 640
43 440
650 736
449 993
926 269
984 958
56 701
453 581
771 608
422 540
782 862
263 196
710 631
219 8
220 743
77 170
775 169
523 80
394 132
398 551
91 114
431 617
560 475
656 638
327 695
938 360
392 268
599 11
466 645
582 863
146 263
78 526
940 413
834 952
781 671
160 151
887 591
513 661
643 834
94 480
276 629
137 169
446 787
56 936
189 133
820 25
161 684
92 880
881 221
592 136
22 623
919 471
800 69
530 210
17 429
679 503
916 923
611 5
83 732
154 17
105 936
895 837
446 115
998 524
874 704
986 722
394 406
87 359
605 449
914 486
439 385
442 423
334 745
18 298
524 873
653 75
107 465
328 258
734 142
295 710
465 671
322 972
876 427
973 322
684 758
45 44
176 805
16 830
383 602
965 125
119 800
656 494
127 577
510 347
24 328
364 933
125 96
628 73
985 268
484 193
585 314
548 394
72 451
971 721
418 179
312 434
662 406
920 49
918 524
523 124
198 994
44 378
993 702
156 402
379 219
234 586
293 519
691 635
425 246
247 448
358 859
345 328
912 892
845 427
829 550
221 854
20 423
119 59
472 244
389 935
764 291
701 430
697 366
562 177
834 209
532 310
1000 729
505 221
182 845
294 895
651 307
743 548
725 41
286 831
148 836
809 6
631 851
724 375
463 205
268 623
2 257
19 677
204 735
978 518
871 337
179 444
987 507
629 431
150 120
499 646
891 39
576 381
374 730
268 211
822 558
390 698
762 371
469 815
185 516
476 29
471 988
645 876
723 4
814 941
357 782
709 57
824 941
36 341
55 91
665 131
711 207
771 555
885 393
372 380
231 523
128 130
58 207
389 293
228 787
787 473
996 758
708 148
655 943
750 363
107 807
419 739
612 328
295 12
636 342
431 572
894 419
18 499
241 250
702 345
433 936
677 645
324 947
271 84
644 466
437 380
20 468
82 893
101 170
886 948
243 690
451 212
11 190
825 332
403 674
868 278
485 977
304 953
412 300
576 993
866 275
23 330
341 355
325 942
164 492
535 751
213 881
580 916
9 537
528 519
321 799
624 976
257 567
258 232
504 814
17 151
257 928
982 721
758 190
291 193
752 226
81 757
278 969
444 289
562 124
527 654
923 315
71 514
40 366
519 622
97 387
996 873
923 437
266 912
549 957
127 827
607 621
742 460
64 739
193 769
98 492
72 174
422 870
185 240
512 742
15 989
586 955
275 640
292 546
385 192
120 297
305 425
949 960
699 249
211 963
655 530
693 459
34 88
804 288
258 912
613 164
794 590
926 67
343 183
132 460
370 115
483 336
512 34
473 330
646 221
333 718
134 257
981 674
104 170
124 181
843 641
769 550
130 812
407 440
963 760
657 581
937 469
631 215
647 594
355 72
467 514
673 435
340 256
717 906
518 709
649 186
579 81
319 626
838 678
881 129
844 275
822 627
497 170
227 275
167 31
710 492
387 362
183 612
771 70
597 54
28 375
550 468
808 243
239 829
847 690
83 289
376 277
139 595
415 294
861 786
917 544
420 72
611 855
79 981
410 162
50 253
692 572
676 153
913 825
442 371
794 204
447 998
468 451
719 138
576 396
206 379
408 302
470 700
913 603
272 365
529 907
125 490
333 661
444 666
763 956
177 305
654 829
569 535
201 443
419 460
223 690
480 750
577 816
998 649
447 442
413 246
73 625
935 337
814 566
177 531
878 745
902 53
439 701
160 970
912 789
999 657
275 491
170 255
172 929
410 986
582 860
548 708
695 535
989 886
965 107
904 212
512 189
859 278
807 974
310 674
42 68
372 927
820 107
108 709
742 642
39 305
757 577
818 711
231 414
982 306
216 141
630 590
714 349
640 942
805 428
438 655
632 771
293 152
259 8
425 784
47 370
515 859
917 545
365 758
519 771
666 725
169 283
46 179
504 870
1 626
808 126
112 347
292 976
28 633
417 738
515 121
319 466
752 431
32 747
417 595
990 420
520 528
978 468
727 691
295 398
791 418
803 16
586 864
491 733
8 846
461 908
281 324
529 512
698 137
719 829
99 924
850 956
633 436
300 413
998 332
927 832
451 27
185 171
721 937
954 184
262 182
941 565
30 492
206 153
2 302
868 775
42 262
890 706
872 457
392 673
801 83
90 10
811 102
740 64
315 887
746 166
124 253
809 585
811 503
939 314
872 231
467 589
857 341
125 645
734 525
476 773
173 867
892 361
37 111
922 522
246 42
691 331
936 722
742 558
274 377
995 961
606 257
579 542
856 441
969 766
93 302
645 407
80 711
579 687
13 45
624 4
550 284
601 276
714 29
54 554
553 153
535 25
224 257
444 286
602 886
896 685
453 216
862 316
17 243
477 194
3 871
67 602
619 25
178 289
89 970
509 209
495 802
914 892
737 167
21 230
439 827
477 484
81 827
569 990
260 913
647 135
730 587
475 124
666 717
463 184
246 825
456 663
931 289
971 764
113 724
383 812
427 14
637 25
712 208
94 780
811 164
688 169
376 709
474 483
910 554
837 522
797 122
109 450
346 916
990 597
869 344
160 208
548 867
552 886
240 270
597 334
815 507
161 762
734 745
347 659
958 401
597 319
252 681
723 942
973 716
443 577
852 995
377 453
916 860
114 924
373 945
305 689
398 906
206 572
680 207
983 417
136 661
854 876
749 553
849 973
23 152
10 809
272 100
553 245
239 766
274 910
461 528
297 567
720 167
654 405
641 621
783 819
330 393
791 260
304 292
323 704
505 677
694 497
197 167
110 760
585 210
998 91
780 234
713 217
235 397
901 842
704 436
816 222
154 925
763 915
250 544
390 80
410 690
655 748
628 130
856 588
100 379
281 391
484 154
323 28
384 904
919 920
265 155
673 886
266 420
733 586
82 572
860 696
859 156
643 987
327 354
898 231
403 114
703 7
264 812
467 807
12 998
521 132
527 410
198 612
57 864
818 593
325 701
682 32
593 763
260 222
921 793
294 821
912 436
105 946
658 72
587 114
122 838
709 555
729 229
490 723
766 551
611 371
866 905
558 819
446 829
74 244
884 805
790 727
301 459
283 576
131 310
328 375
555 1000
330 429
44 371
102 185
605 14
897 893
625 848
720 824
572 953
522 653
495 858
341 494
428 97
209 766
382 488
935 626
422 899
977 312
825 587
867 892
853 817
729 835
162 452
733 795
571 96
577 823
11 169
684 80
722 159
133 524
929 287
547 856
609 759
439 694
377 871
980 906
128 361
590 201
630 778
261 195
744 153
545 472
985 657
668 386
584 689
638 580
756 919
222 272
551 618
65 236
764 426
506 406
53 323
934 468
900 204
705 828
815 435
880 262
900 83
633 594
464 541
377 268
899 797
98 78
339 840
164 293
39 999
117 451
767 281
624 25
566 988
737 734
334 636
5 932
409 299
28 459
122 282
287 334
236 358
329 92
330 239
187 362
334 751
923 350
980 165
322 859
734 140
455 917
810 676
690 462
693 989
876 421
669 551
684 325
314 970
630 206
525 480
68 349
141 535
714 299
90 838
874 21
267 65
175 840
90 548
508 507
825 559
326 684
223 768
518 883
814 881
570 54
858 545
766 110
15 532
150 521
119 576
158 4
750 738
732 441
290 388
475 896
93 625
556 111
594 438
189 882
817 476
11 290
552 990
772 919
354 674
640 33
783 629
521 482
740 242
711 563
470 103
18 284
381 536
133 125
319 838
178 598
158 448
289 279
364 813
989 970
460 280
114 870
328 516
950 991
679 183
666 882
833 195
14 50
734 669
716 184
433 590
203 420
352 634
283 460
896 738
39 273
610 249
499 618
154 339
411 288
978 649
770 873
519 870
814 358
853 708
1 605
398 713
957 358
615 846
690 99
103 58
987 751
144 67
40 372
383 365
801 980
746 794
380 524
658 596
609 2
206 115
939 434
620 902
125 288
306 634
179 760
684 363
547 797
468 448
764 729
626 726
239 153
721 746
538 800
833 976
229 467
271 658
402 543
185 853
607 958
216 893
548 424
641 90
954 899
704 742
983 12
54 288
997 176
780 666
285 20
983 509
553 892
592 790
494 154
91 352
61 589
816 718
801 126
735 413
898 249
901 459
133 81
355 961
137 150
191 303
568 206
968 616
900 245
556 663
816 556
47 876
860 875
971 136
592 195
654 705
243 805
463 540
378 4
70 726
200 976
535 632
312 746
631 19
706 454
763 155
268 685
995 212
398 792
2 449
19 485
889 353
191 739
487 25
307 335
53 895
24 855
686 214
981 403
430 139
179 905
787 710
662 822
75 616
168 150
301 486
912 21
76 938
977 639
700 615
23 889
546 710
548 8
988 215
590 647
226 309
666 95
283 901
949 556
861 496
123 331
810 926
923 725
309 318
828 622
647 234
690 587
257 268
579 399
993 538
461 36
929 370
693 457
622 481
812 457
285 71
492 525
879 99
717 68
225 850
262 146
267 597
142 867
273 528
42 479
479 166
907 517
588 969
12 999
161 443
859 268
181 808
58 844
313 352
687 566
659 21
660 826
976 383
740 488
763 89
813 940
344 505
734 714
688 658
377 375
433 517
734 341
660 536
94 180
277 892
459 873
478 23
388 315
890 191
853 41
208 320
142 334
255 451
679 605
991 479
313 796
501 965
248 627
429 994
906 897
288 429
92 572
367 118
403 783
300 593
871 266
655 526
17 687
970 952
296 839
390 753
505 727
839 590
823 325
917 256
934 678
943 24
96 99
684 668
686 182
229 265
945 72
619 369
91 312
497 577
927 217
508 327
200 492
705 839
334 255
245 928
855 299
216 762
100 280
228 213
752 801
16 444
72 313
436 826
350 704
115 381
688 227
707 129
263 487
360 116
974 718
367 770
733 685
81 462
62 834
760 282
926 204
489 545
143 34
204 12
42 435
851 783
178 691
768 297
989 997
369 36
105 738
714 720
587 674
968 672
41 266
649 75
562 924
943 361
564 114
79 990
532 400
40 974
682 5
633 593
929 676
735 24
38 504
762 934
30 876
861 594
532 758
402 495
331 479
23 509
482 833
389 125
49 610
404 546
808 882
463 155
799 541
502 439
779 545
706 579
504 215
214 902
270 272
981 670
666 501
705 409
528 510
430 818
291 104
419 63
809 491
576 490
728 725
658 640
803 966
357 888
591 829
158 875
949 612
1 60
609 455
556 330
703 565
409 791
51 946
413 807
580 215
873 107
759 281
845 245
439 612
816 965
431 948
87 22
224 624
479 984
646 341
299 110
82 626
450 206
911 367
570 175
989 807
4 713
160 239
481 812
134 316
797 404
265 35
303 479
17 578
151 539
352 28
857 298
590 452
613 813
262 547
708 631
335 845
30 543
470 326
143 292
274 85
203 121
761 695
27 311
523 650
672 192
655 441
914 5
995 114
959 535
528 911
526 142
826 824
227 301
295 747
948 459
776 348
835 827
32 956
622 529
716 532
681 65
884 632
140 178
268 127
586 462
628 581
898 378
940 585
177 179
890 273
809 438
819 548
874 340
270 995
932 436
310 480
165 547
583 434
634 692
799 164
186 165
956 385
25 225
79 338
524 253
429 383
582 335
768 695
751 460
883 252
591 183
738 713
133 523
499 199
797 564
984 889
863 791
607 953
955 328
730 760
52 492
768 981
368 905
129 877
383 814
985 73
941 646
876 989
328 731
591 634
258 826
8 729
171 7
501 788
247 304
727 10
929 183
769 686
429 834
475 653
574 651
80 59
869 501
78 581
997 401
247 86
928 376
215 692
74 568
777 69
264 16
695 895
187 888
938 794
672 236
302 411
363 347
461 9
443 579
86 467
31 712
855 746
867 168
869 794
446 549
106 538
433 506
625 366
256 10
544 244
230 747
156 714
568 762
531 494
951 649
974 730
795 421
120 769
672 680
781 74
487 105
411 860
583 18
843 401
930 45
378 552
396 447
698 523
331 511
184 993
108 177
956 327
79 16
62 966
46 459
343 671
418 818
97 497
261 664
324 56
955 118
884 16
41 730
483 665
93 662
503 751
998 187
656 696
140 617
162 17
91 509
521 718
8 919
63 883
284 636
592 725
521 607
133 769
81 80
873 204
548 604
769 281
864 921
189 554
461 261
134 373
502 595
926 209
198 696
840 733
916 335
350 519
777 135
246 596
928 277
843 642
40 693
648 948
356 259
532 270
695 722
829 732
646 498
283 248
265 341
708 591
986 442
342 837
753 98
128 686
464 563
925 730
35 728
821 921
473 779
740 938
389 525
555 163
692 874
472 461
71 159
922 755
226 196
83 693
815 108
302 145
936 459
40 128
991 367
499 549
66 684
175 370
841 370
35 391
454 463
648 302
942 464
984 326
70 255
736 487
461 562
558 160
830 645
67 903
178 276
292 796
301 90
513 402
913 600
733 119
419 147
827 254
811 661
370 639
528 177
451 258
307 977
571 245
936 918
719 949
957 992
279 724
211 642
249 571
468 626
551 604
221 875
50 885
684 451
493 167
245 943
393 750
836 6
458 972
479 598
280 184
67 80
674 472
416 456
453 867
609 757
37 585
502 524
472 591
555 340
848 474
522 23
222 591
137 499
161 469
933 607
642 668
347 398
403 400
132 306
43 905
467 709
547 521
640 357
75 312
699 706
960 962
647 546
14 165
967 769
164 754
937 310
701 437
190 640
351 108
759 99
100 812
28 1
377 673
469 241
617 408
614 969
9 884
35 756
416 850
805 472
527 47
971 32
57 608
155 63
504 907
356 660
31 640
412 646
568 340
826 916
919 177
575 563
857 826
640 848
277 625
830 583
135 631
148 374
598 483
162 947
878 851
75 930
996 974
888 719
740 848
128 638
914 629
700 38
663 402
98 752
582 70
352 11
970 446
871 156
159 32
969 236
453 259
183 190
738 435
847 215
45 185
504 293
768 684
110 545
755 812
519 337
759 844
758 673
797 559
690 641
584 132
713 352
346 593
437 160
607 836
208 360
850 955
686 429
708 45
693 415
681 851
870 265
518 181
759 199
594 327
208 150
595 610
890 862
1000 242
780 752
285 14
877 692
533 280
293 515
920 979
169 3
209 380
651 869
632 101
602 253
39 496
228 447
194 123
477 304
933 964
646 858
700 817
937 385
339 687
901 102
26 672
982 115
969 816
768 421
757 689
717 591
166 223
922 521
298 495
502 71
1 768
517 456
478 236
338 579
946 258
50 463
748 250
273 180
312 558
761 257
84 18
250 262
987 963
829 200
867 365
406 123
227 354
819 462
794 144
469 698
474 980
625 572
220 240
718 627
893 51
220 678
872 296
270 992
803 311
608 873
534 65
883 417
922 239
962 976
712 791
125 318
490 237
110 594
715 924
649 960
444 750
104 615
324 84
253 90
254 237
183 307
556 303
133 522
926 105
163 831
57 288
333 115
135 317
817 302
397 790
803 367
110 287
772 998
183 465
495 483
869 18
829 868
756 644
354 580
171 6
851 744
341 954
739 906
829 981
939 125
741 185
85 325
129 703
958 186
62 79
778 260
873 898
905 703
184 217
386 621
901 90
27 357
209 634
247 198
215 548
511 861
340 822
687 702
751 583
420 995
250 56
752 138
553 335
297 137
706 375
501 105
898 838
456 550
834 467
670 853
256 496
701 786
611 934
818 219
121 152
193 763
583 466
954 510
296 764
478 516
906 637
176 786
332 653
376 185
547 242
659 780
73 383
352 162
368 762
103 399
200 118
733 820
951 253
440 709
771 523
489 408
641 11
271 752
932 542
772 843
20 944
486 99
849 168
450 277
55 785
569 729
842 751
829 791
849 57
333 488
320 777
856 875
375 813
506 556
208 94
190 194
397 727
483 62
155 534
267 676
368 739
227 251
172 735
251 62
199 182
129 321
960 534
879 594
515 564
660 683
937 362
331 215
313 576
942 533
368 366
341 402
455 366
296 269
796 170
389 524
145 24
843 193
312 631
97 999
499 951
482 187
174 861
286 891
503 531
548 36
108 267
95 421
353 206
726 521
269 968
774 879
904 697
562 397
661 711
892 848
452 805
70 252
805 871
109 666
206 460
151 341
528 404
716 103
461 642
762 439
693 887
984 613
702 840
606 764
609 72
574 29
840 843
600 437
859 640
128 800
571 244
20 886
263 178
177 309
876 753
720 601
647 200
831 447
228 832
814 715
671 198
971 808
443 410
704 689
954 258
777 960
850 758
744 269
90 131
74 780
971 534
826 383
755 143
606 714
702 394
226 579
213 327
621 714
889 609
219 346
475 756
792 306
729 98
125 524
878 58
312 983
523 531
754 207
296 459
908 544
846 647
904 138
860 166
49 821
782 175
2 315
308 306
915 266
700 524
807 808
866 356
995 88
578 80
62 353
303 121
910 19
877 164
697 710
153 608
149 271
728 236
88 75
341 295
572 421
865 405
924 651
486 703
753 760
511 216
338 382
286 742
13 406
767 491
348 811
94 908
614 522
541 640
988 379
990 281
149 807
596 112
444 485
67 610
672 576
231 943
141 387
219 943
970 813
634 670
852 329
358 54
931 90
789 344
306 548
400 545
802 836
968 36
876 725
897 120
321 208
789 58
737 377
462 373
559 928
391 882
106 344
896 176
254 976
213 915
996 353
926 12
195 2
634 909
129 944
342 612
543 303
815 796
946 925
51 707
765 195
458 707
886 643
225 920
142 716
238 134
534 947
424 606
928 350
379 60
270 189
698 324
494 479
139 861
865 870
900 163
352 286
96 905
761 693
778 579
87 709
203 456
463 938
525 11
649 839
706 272
835 684
546 112
805 76
862 6
738 16
466 303
5 226
787 687
993 454
461 616
813 723
211 1
983 743
162 583
706 903
328 291
699 276
594 962
611 992
483 897
637 608
585 157
949 676
348 45
41 595
150 351
289 569
767 882
951 107
957 950
104 616
480 87
451 221
7 308
427 868
433 76
637 307
362 58
362 691
91 403
916 224
569 66
280 66
68 294
698 24
292 745
385 409
134 252
137 296
210 398
211 923
52 413
586 757
536 34
155 924
802 445
898 840
186 598
246 590
191 219
720 109
482 336
247 80
425 189
859 338
921 999
251 216
445 205
982 412
852 632
857 38
820 478
145 162
181 612
995 912
872 941
234 93
729 28
239 951
832 275
981 190
416 272
956 908
353 68
373 46
682 95
49 680
321 643
896 879
783 537
847 330
494 934
620 176
770 394
454 368
3 216
25 304
292 986
838 138
287 144
366 763
828 404
444 429
474 690
747 204
180 891
295 538
496 996
844 904
281 367
324 58
600 585
694 279
984 938
416 621
980 668
603 299
586 930
104 683
885 537
559 856
922 529
565 667
90 829
20 972
246 904
462 757
356 88
284 749
67 7
531 660
299 946
306 929
461 259
794 877
617 326
32 348
626 12
243 740
299 342
393 285
473 843
541 198
134 548
670 506
288 148
752 457
326 316
104 826
327 933
321 988
963 541
219 36
142 162
787 811
267 816
848 971
135 685
249 306
321 845
568 442
951 969
420 151
166 375
60 238
443 734
190 633
526 503
876 8
278 140
699 789
818 913
982 612
571 177
292 56
852 80
466 503
509 435
606 963
643 87
862 361
900 590
260 685
942 65
945 355
103 127
54 641
770 78
24 596
81 613
334 433
169 467
908 448
323 672
286 308
508 636
705 161
519 734
580 472
177 475
713 249
349 765
671 48
813 517
110 506
58 17
46 566
825 753
988 843
217 511
851 581
233 894
894 357
972 727
303 807
246 916
673 790
176 458
985 612
858 282
252 61
497 130
833 552
47 594
215 792
327 322
792 307
351 328
523 389
356 338
57 795
845 274
448 805
134 625
29 325
807 329
277 955
646 476
481 592
959 879
526 774
817 898
847 440
269 295
274 511
773 983
726 985
838 647
506 116
140 64
188 456
170 719
634 446
31 642
70 940
951 557
956 965
4 330
425 795
338 492
532 864
205 796
904 711
993 498
74 133
349 29
386 9
556 850
67 980
371 386
865 231
257 799
904 549
120 938
55 220
15 32
538 54
524 69
746 949
269 606
608 830
607 672
162 934
962 893
871 239
448 655
585 450
768 686
20 779
349 705
408 45
35 441
376 865
8 306
275 703
451 449
918 919
461 24
531 923
452 365
534 743
349 995
869 252
617 83
216 788
949 180
695 336
609 535
314 509
542 61
157 65
659 259
852 290
163 752
536 118
134 307
484 956
588 314
330 518
368 733
204 51
544 688
446 496
673 28
584 721
755 412
268 935
160 56
469 34
623 385
19 398
999 726
200 952
809 878
576 623
169 207
298 493
585 759
880 437
169 88
415 711
990 73
900 337
499 622
27 967
869 884
710 184
490 279
143 997
576 188
795 474
651 993
508 855
121 130
453 458
230 254
801 990
822 544
771 226
993 54
684 192
559 259
157 735
874 339
896 593
911 989
847 4
228 596
227 891
823 63
92 43
483 894
798 491
176 86
803 57
944 407
343 474
471 129
272 569
498 289
561 69
689 392
175 985
381 244
879 373
510 355
650 309
154 676
569 707
863 929
3 857
996 262
686 574
449 717
391 742
30 418
507 307
825 922
720 320
522 633
800 616
195 398
792 252
298 909
515 685
872 42
360 946
821 127
588 350
695 602
555 47
425 262
958 184
891 247
428 655
674 851
824 188
131 148
611 276
994 756
557 742
173 817
544 331
137 235
947 822
381 794
829 294
441 605
484 517
711 198
131 338
543 493
403 638
92 906
744 657
278 382
602 275
731 957
571 832
883 945
443 693
80 521
335 749
739 487
335 496
343 965
605 402
87 959
970 49
885 745
982 726
114 891
244 830
707 777
568 620
988 397
933 284
405 339
290 446
912 9
917 744
278 946
814 96
301 115
90 781
491 909
111 684
866 691
906 714
963 503
676 976
418 928
935 581
975 324
244 498
989 603
980 558
983 857
1 121
664 807
811 584
279 934
827 290
955 361
468 207
455 528
615 387
214 504
34 82
915 967
897 208
565 779
893 174
189 738
750 265
553 819
570 243
627 510
78 394
137 468
428 589
323 289
234 652
308 139
494 186
693 24
786 970
825 144
365 55
592 901
185 96
878 260
844 43
517 219
331 120
973 393
961 449
563 437
601 874
32 59
288 149
273 967
825 370
312 795
576 568
21 893
902 542
565 368
18 917
860 908
853 647
389 522
653 749
910 164
843 195
48 617
126 632
60 814
643 184
607 139
53 89
481 839
377 198
782 781
455 543
481 96
279 301
156 600
857 765
254 367
810 717
225 123
358 678
33 808
328 380
866 461
241 909
776 708
281 42
141 494
969 245
444 545
177 474
547 437
789 179
684 303
461 994
872 535
586 985
401 895
112 832
721 822
295 287
560 244
484 212
980 689
394 60
146 412
793 338
704 691
360 654
390 672
720 57
472 675
141 439
608 351
829 825
321 175
315 899
428 645
485 351
267 996
198 776
697 159
860 445
110 68
534 570
441 985
596 907
99 725
280 345
817 598
638 766
640 457
34 856
663 997
591 684
100 201
358 378
275 207
658 372
363 518
750 246
331 100
833 250
756 977
139 937
817 856
363 407
369 826
999 514
706 266
781 348
108 112
816 317
992 675
865 427
611 155
575 572
796 831
959 733
249 190
615 115
438 560
683 663
62 720
266 737
783 592
663 62
889 127
344 460
126 374
283 161
614 411
616 848
67 612
692 653
71 704
776 798
369 241
617 534
410 418
379 807
305 184
758 929
999 752
186 141
888 31
119 825
749 857
875 747
219 847
300 4
312 458
918 916
194 946
124 311
590 12
722 380
159 609
860 274
661 239
21 640
938 872
834 757
191 633
232 31
171 305
769 326
96 574
336 237
959 95
216 563
215 831
75 328
544 689
431 771
679 221
937 390
423 995
227 226
209 531
514 904
252 663
125 671
264 199
84 456
69 668
584 944
626 311
437 948
259 332
117 640
248 721
840 949
270 616
369 951
625 175
359 340
51 95
70 905
458 103
611 183
909 741
502 356
505 448
240 819
173 841
305 873
178 505
73 149
541 866
857 565
362 253
291 187
590 573
44 417
714 505
328 180
537 288
899 329
187 107
465 269
926 658
140 867
897 952
935 928
2 860
665 132
7 461
279 680
484 398
693 734
766 60
452 172
128 234
954 170
976 558
974 41
136 640
180 566
253 456
243 206
671 152
802 217
659 576
5 956
501 879
816 997
985 562
547 791
142 537
849 999
369 309
595 515
734 806
129 515
461 494
820 779
950 658
717 189
857 266
244 772
694 663
505 429
829 692
886 911
133 237
123 465
198 397
717 927
26 562
264 227
212 281
764 350
182 945
166 254
638 730
762 875
448 511
361 818
730 461
549 823
342 543
550 80
753 932
934 243
630 162
482 146
299 808
874 752
39 938
444 218
762 77
230 751
359 457
202 388
939 873
582 18
865 189
295 822
101 739
192 257
504 19
791 258
444 431
637 514
193 873
158 645
361 287
315 442
372 185
303 626
764 651
871 161
486 129
127 689
438 36
429 925
667 574
462 430
263 75
620 630
487 553
880 715
310 226
529 709
478 948
323 117
676 695
346 318
509 834
744 389
195 79
323 2
161 227
38 555
369 320
83 968
542 235
564 551
380 64
664 484
422 436
575 246
8 328
794 875
877 778
949 397
865 962
76 47
895 325
96 853
407 433
907 905
632 354
568 239
252 360
643 767
739 838
907 998
566 569
532 505
701 286
144 269
481 699
998 948
235 884
293 28
647 873
192 929
49 1000
765 776
14 414
736 814
628 884
666 585
313 807
544 165
250 202
794 507
881 31
456 581
314 623
353 195
687 34
824 853
389 843
913 929
328 415
598 586
965 989
371 99
399 987
715 746
666 410
743 216
908 115
693 963
452 951
311 108
690 439
799 235
234 11
241 797
667 621
262 323
279 611
267 91
949 523
571 9
864 125
448 339
794 280
230 166
710 732
785 683
970 633
885 586
577 777
104 817
694 96
295 239
461 195
603 422
135 540
354 664
65 555
530 759
402 770
60 874
472 962
882 53
829 538
575 234
668 408
123 187
752 521
90 416
956 848
259 797
930 526
40 548
955 929
354 220
887 42
299 709
249 498
982 474
105 886
1 911
424 274
995 93
464 531
213 248
678 136
288 289
160 753
810 362
297 181
765 812
139 662
602 712
855 686
457 319
188 441
286 858
643 151
883 826
922 834
118 809
909 72
912 180
72 593
180 729
842 61
918 522
944 613
233 482
718 429
549 178
557 911
845 731
771 136
11 783
987 566
382 44
348 68
79 212
836 817
672 946
876 562
913 568
292 899
379 340
685 212
82 43
154 940
780 168
610 238
492 910
435 957
997 851
329 245
327 988
594 33
372 407
484 201
450 297
893 115
361 130
419 638
21 286
16 754
219 413
479 967
100 392
470 14
989 683
402 870
665 660
225 925
91 146
512 225
87 371
808 856
458 593
955 751
351 430
389 141
191 305
609 864
523 560
284 100
578 640
445 23
605 308
511 778
607 735
701 326
725 64
505 229
394 966
108 454
329 439
50 255
757 991
593 598
153 577
227 336
123 643
929 564
821 590
957 414
260 311
339 150
239 882
540 393
336 834
761 103
358 247
729 449
514 239
435 586
888 350
980 310
620 877
880 962
392 850
656 435
585 19
549 392
310 323
74 706
390 476
908 281
915 719
533 132
435 921
673 198
816 184
708 510
103 500
340 794
343 69
534 278
719 798
45 443
285 460
275 185
55 742
925 468
560 12
71 707
822 140
146 677
272 872
844 239
461 284
220 817
167 318
952 110
322 21
30 322
113 952
367 519
482 367
929 916
269 395
531 968
859 343
126 12
980 385
635 140
800 935
105 701
569 238
532 486
492 235
184 332
41 325
95 30
298 316
908 693
979 897
596 384
861 612
398 994
592 487
459 720
904 931
874 587
688 970
107 226
752 29
577 454
139 559
868 963
805 254
2 253
974 735
477 29
938 529
999 184
199 560
996 898
571 270
75 767
906 633
306 393
384 323
901 802
465 360
283 923
659 784
148 267
115 216
758 626
907 238
713 339
533 152
550 846
157 465
216 944
983 200
286 8
626 583
360 785
483 634
930 39
271 877
625 528
890 803
962 500
798 118
360 30
622 346
753 473
972 829
294 273
354 612
405 600
337 882
546 102
548 680
398 275
630 272
526 527
488 369
329 819
695 696
863 714
939 234
726 214
234 940
53 360
274 7
38 244
277 932
406 520
78 725
136 124
378 179
855 935
330 830
665 799
868 306
317 20
318 737
104 479
371 470
326 322
290 876
963 236
387 218
339 693
123 730
995 798
335 289
657 121
628 996
993 289
991 362
248 488
801 698
788 852
912 473
227 582
799 436
627 773
364 469
922 1
446 974
268 147
858 352
997 604
301 85
273 252
68 352
144 272
606 736
702 995
331 962
758 559
923 518
449 847
487 767
328 92
510 292
348 135
517 627
872 537
689 69
140 699
876 749
879 318
367 10
722 7
408 67
979 652
446 948
423 16
767 533
54 192
370 173
90 796
676 571
474 127
347 231
956 68
759 570
377 872
100 173
358 549
431 764
432 566
553 958
271 103
553 807
116 718
744 47
281 823
263 643
198 552
53 219
497 481
83 792
564 201
801 169
470 316
255 574
414 950
155 585
403 373
920 521
320 469
691 710
826 703
791 838
773 980
147 217
925 697
620 311
639 533
434 244
445 468
213 872
415 748
18 774
536 759
425 792
374 469
947 191
198 7
715 427
457 399
847 670
698 581
597 835
266 751
710 226
143 840
775 546
634 440
482 957
451 566
32 628
793 839
387 754
374 614
732 844
453 381
1 276
864 316
330 456
847 45
709 76
766 439
755 642
810 961
170 109
395 397
548 221
72 238
825 560
594 143
888 144
45 197
673 612
580 526
824 760
841 830
682 762
438 412
721 784
285 487
196 198
806 651
391 767
345 437
91 169
749 925
484 40
727 124
901 335
886 647
208 26
47 627
86 991
769 757
113 915
76 225
540 688
100 239
639 858
570 951
806 343
938 87
612 2
892 242
166 10
492 128
947 844
126 837
751 558
633 631
977 677
725 79
639 521
485 902
587 418
767 841
933 178
594 788
352 625
672 420
446 563
127 202
776 857
882 621
956 996
574 271
334 560
886 109
797 977
209 989
350 318
529 15
934 518
26 3
818 39
620 223
804 22
19 906
921 278
979 8
248 254
780 111
107 325
645 851
483 786
339 278
508 423
306 725
818 556
295 451
64 527
953 391
400 513
310 4
404 73
498 348
150 445
765 905
7 92
926 434
133 646
560 190
46 621
765 107
927 812
324 375
256 255
573 868
64 860
599 996
949 149
732 267
219 504
618 10
208 119
9 362
872 414
925 140
582 781
169 620
816 709
526 560
364 761
181 989
420 699
402 986
565 333
541 77
492 341
274 32
442 974
422 104
298 170
501 417
160 71
895 593
786 135
679 336
94 304
212 283
801 450
251 375
880 325
921 773
938 877
613 557
874 879
502 164
331 268
403 907
619 945
856 413
892 619
827 556
368 891
701 75
727 975
851 423
486 891
692 946
986 659
753 644
846 160
849 965
539 1
723 860
407 817
784 936
804 443
843 407
314 683
791 175
870 940
227 954
893 517
328 88
774 678
867 618
816 488
675 319
550 621
671 971
675 396
344 668
385 487
738 628
225 431
390 441
229 367
197 961
252 751
520 279
101 823
85 800
202 824
924 667
745 82
157 228
506 966
309 473
935 309
518 231
669 329
1000 160
161 82
489 701
350 638
190 199
377 418
321 404
160 790
342 2
803 620
919 886
771 45
260 273
989 766
843 696
825 149
368 280
539 643
151 601
99 408
942 828
319 647
363 543
489 872
940 294
596 711
858 206
264 50
411 933
855 934
96 949
190 771
300 261
566 686
660 551
520 82
294 813
134 826
529 292
160 321
296 275
734 495
386 799
574 372
98 21
619 925
416 554
571 734
991 341
424 229
389 110
253 616
93 159
644 785
411 682
376 397
875 27
847 475
536 144
430 793
982 858
991 920
907 516
11 882
551 140
858 819
528 183
140 805
879 712
441 290
189 900
940 956
297 838
210 161
638 33
452 230
776 526
718 249
464 304
733 900
55 696
183 487
276 59
301 13
850 864
120 445
436 769
664 714
149 420
688 154
12 860
643 942
698 335
362 94
99 726
378 387
51 539
625 641
289 146
623 139
733 727
95 802
332 80
579 209
85 376
675 725
927 683
492 270
38 134
699 728
973 473
242 293
706 244
782 257
161 713
381 878
735 355
462 32
670 474
963 620
450 681
566 539
770 712
91 697
929 701
142 130
705 86
498 748
815 153
285 650
52 683
40 211
35 14
481 423
245 134
874 566
841 391
361 780
388 483
938 583
376 314
28 451
451 680
832 125
67 984
304 390
213 570
895 50
326 875
679 813
296 810
426 889
27 280
248 227
926 554
823 166
384 413
314 978
562 140
529 989
125 276
870 86
68 212
287 906
393 675
219 170
287 795
92 212
280 107
177 677
660 214
57 383
771 727
703 784
724 733
789 807
815 795
462 561
375 784
199 454
147 219
538 791
781 806
583 604
589 402
142 802
880 74
165 451
789 761
665 180
276 531
887 155
947 734
40 514
430 705
182 936
327 209
863 35
773 823
795 771
395 689
929 601
386 852
758 398
562 669
729 971
139 692
511 106
442 623
95 363
61 199
465 838
635 302
748 7
179 772
911 639
588 728
444 160
742 174
456 750
839 548
809 302
149 725
460 954
687 341
747 86
322 951
110 890
41 965
408 448
617 614
828 204
608 879
676 520
776 671
59 739
249 667
965 181
698 448
336 428
93 276
210 214
428 33
121 593
50 623
283 969
770 340
292 560
428 176
188 8
492 771
110 438
560 191
599 886
394 243
707 146
203 577
397 249
568 887
870 303
526 352
24 251
464 2
337 788
211 783
852 12
825 15
328 593
591 752
560 364
138 990
985 721
234 807
532 130
111 415
497 479
9 75
514 390
455 98
441 752
298 171
579 822
707 269
446 355
90 265
173 702
251 535
411 73
303 79
804 992
692 916
164 391
545 460
847 898
186 680
190 759
766 854
51 15
89 448
923 67
407 82
174 843
912 464
379 310
179 243
130 309
966 54
839 828
326 145
292 1
719 410
207 87
837 887
335 2
534 900
108 521
567 598
897 590
550 640
454 373
297 574
597 747
927 318
514 241
922 4
112 491
573 338
426 817
690 398
983 631
159 81
72 841
1 339
331 984
650 608
281 195
671 970
241 711
737 218
521 789
993 816
885 450
372 299
289 841
906 304
384 99
149 173
703 586
223 183
408 105
325 878
3 808
794 549
548 742
621 958
363 978
343 216
39 195
873 181
195 449
177 638
254 636
556 958
246 572
318 409
800 648
546 100
306 407
388 239
426 38
323 434
623 231
40 700
705 702
388 126
639 797
105 526
549 613
790 881
627 657
97 686
351 113
783 132
18 126
386 762
939 394
482 83
694 819
661 470
846 270
822 377
74 313
716 248
633 558
298 417
486 570
549 808
914 780
952 990
516 39
431 395
761 338
689 733
136 299
368 388
74 362
587 250
735 962
774 982
991 782
286 652
966 18
146 105
883 720
370 773
79 991
406 37
706 631
213 549
442 944
734 153
519 567
187 438
351 747
227 985
211 60
140 960
25 246
642 414
970 819
37 600
666 8
851 12
893 665
196 447
236 936
811 650
353 652
542 526
564 962
391 102
487 761
242 700
168 551
776 806
390 410
675 56
768 886
570 462
491 651
79 384
561 129
676 726
258 987
371 894
120 446
926 26
51 892
470 886
487 812
868 781
483 489
856 845
752 582
808 976
897 417
185 119
691 957
599 28
342 47
456 950
103 962
640 380
273 645
716 431
644 412
113 70
518 381
995 352
88 406
1000 458
969 797
731 682
345 27
700 923
362 672
564 793
385 896
484 586
142 16
787 221
810 198
305 534
123 267
655 466
469 363
38 496
294 846
593 946
445 466
377 388
766 878
490 685
326 63
5 708
937 106
22 836
136 711
856 86
682 306
287 416
531 446
889 721
221 444
974 746
515 978
933 335
206 387
763 534
202 895
567 926
126 378
827 821
107 892
761 57
706 970
121 866
987 523
325 416
272 308
974 823
206 349
507 265
291 481
443 298
550 453
509 731
954 146
663 766
189 935
44 110
929 464
585 342
220 303
287 570
924 685
323 78
757 707
479 947
544 888
923 947
837 601
57 495
276 847
601 746
454 646
881 682
458 717
954 726
829 970
25 762
618 731
364 663
769 715
535 792
904 334
423 782
228 422
526 965
968 629
77 647
835 487
29 292
584 549
658 340
877 96
660 762
613 678
85 482
815 350
198 308
71 62
74 750
610 940
131 381
493 863
406 673
946 426
861 541
239 921
934 203
410 179
287 503
952 918
402 459
382 988
912 260
952 517
934 949
520 841
136 626
980 83
601 354
145 260
878 886
295 782
442 334
312 103
351 658
524 768
70 318
204 13
700 193
296 775
228 706
687 453
949 686
70 329
275 915
244 116
136 831
945 63
598 851
16 789
733 184
149 817
202 544
97 350
794 6
861 40
716 845
408 501
654 577
83 843
957 801
765 248
451 80
414 100
56 512
76 579
315 737
119 575
907 421
893 20
289 910
661 158
498 60
281 546
780 572
788 23
14 901
149 475
635 562
109 99
747 832
17 917
953 65
256 287
703 21
209 337
651 646
726 350
599 196
414 544
489 895
782 335
195 659
269 392
569 130
186 805
649 139
759 32
502 11
434 299
456 847
840 295
238 967
86 421
397 6
255 470
383 237
724 303
282 838
411 150
198 50
258 255
26 323
335 511
121 71
40 277
140 255
903 546
207 177
791 452
836 711
122 347
589 953
400 931
112 413
974 589
942 47
11 763
174 149
214 966
175 580
948 836
663 692
546 735
325 376
315 446
82 95
637 655
853 946
35 47
219 794
595 231
413 602
779 476
763 941
585 413
824 707
888 125
538 781
388 660
300 456
719 767
817 323
324 341
54 362
350 749
375 810
587 962
310 947
579 102
266 317
858 179
87 327
57 144
5 208
560 265
1000 64
697 96
330 603
618 930
381 840
19 189
631 168
412 404
986 817
531 300
611 388
994 260
901 200
482 80
355 194
340 241
592 311
477 811
213 849
948 484
745 248
300 699
178 91
987 915
198 30
883 802
889 501
373 908
895 876
519 929
387 266
615 824
56 995
879 477
14 559
460 698
408 394
390 750
896 623
434 738
935 774
106 58
15 868
896 542
804 191
63 552
570 331
656 510
469 842
181 445
507 753
902 375
153 404
693 530
395 499
366 874
684 443
962 565
928 653
431 810
427 99
293 821
700 874
684 892
354 805
85 515
372 558
500 539
450 368
807 289
524 662
252 20
983 463
986 465
325 186
402 894
756 763
413 414
553 931
972 947
81 342
351 402
268 810
164 875
626 42
19 104
578 393
136 140
375 477
342 782
683 206
118 353
869 535
528 781
212 750
363 394
36 572
952 157
277 822
792 582
296 847
388 369
529 373
387 382
348 621
593 622
540 19
227 312
765 808
144 804
648 517
364 135
112 104
952 305
994 682
784 724
416 584
614 690
498 115
986 734
198 662
735 694
124 832
794 132
905 741
746 669
999 253
909 213
202 299
990 256
520 908
614 412
444 508
582 190
620 773
235 289
664 727
535 236
193 713
287 999
435 784
352 242
461 816
293 653
947 480
391 69
72 998
309 716
571 41
475 252
629 787
614 73
658 1000
285 371
950 79
418 84
720 572
573 748
632 152
405 842
48 505
451 4
172 766
826 56
811 804
439 639
869 230
51 859
436 999
384 842
629 678
328 567
368 580
385 592
932 446
1000 9
323 508
694 797
950 651
863 766
750 882
229 970
432 676
307 784
143 446
881 395
80 374
781 520
854 70
86 188
368 433
403 658
891 975
195 980
130 525
576 613
387 134
778 989
344 41
571 826
74 382
576 916
95 196
705 48
979 465
943 106
529 482
303 907
72 659
109 936
369 571
795 35
728 126
676 486
325 208
622 542
182 635
37 172
60 3
28 545
923 751
455 994
596 44
391 378
118 790
178 900
810 654
210 946
345 937
418 807
76 783
899 332
885 379
813 494
215 436
966 660
699 11
314 103
758 618
136 459
708 363
750 938
860 62
935 556
759 808
975 287
153 706
584 168
505 865
91 488
220 268
243 213
870 338
855 490
927 809
751 181
238 472
935 274
100 473
450 184
87 205
646 82
214 176
733 748
459 315
795 677
613 918
284 422
285 155
734 954
327 256
60 669
117 988
47 897
319 876
183 348
911 104
646 271
26 652
79 757
217 31
885 546
700 604
340 844
193 6
122 164
87 742
660 526
293 99
313 669
8 237
246 13
283 53
437 246
921 699
117 272
924 314
827 306
648 428
135 550
227 705
43 355
397 231
952 546
809 255
667 201
926 838
32 576
107 4
219 718
738 190
779 608
230 450
13 296
452 856
440 768
88 226
462 145
822 689
126 2
456 490
129 388
263 49
693 652
875 793
949 562
771 497
689 93
672 877
729 876
417 370
59 805
208 409
104 730
946 188
68 957
784 390
492 865
721 861
902 426
410 808
252 161
234 468
987 62
333 480
6 14
744 281
542 236
290 309
254 610
607 740
149 510
927 900
670 176
413 441
986 109
933 674
701 934
377 946
229 945
588 376
347 554
898 982
846 512
587 688
131 406
170 432
8 427
138 842
448 306
331 207
938 957
823 96
983 502
959 961
223 454
589 901
800 165
770 225
587 111
60 229
540 191
355 854
563 198
891 725
205 881
387 508
942 366
728 54
191 926
514 433
533 659
276 697
131 995
406 59
657 382
282 125
355 893
691 219
123 941
487 388
988 367
92 340
843 436
395 135
468 471
219 603
491 990
847 85
745 503
948 968
662 202
519 727
23 516
172 450
267 94
137 463
223 785
225 456
580 342
940 78
651 5
854 479
600 731
250 988
916 167
681 894
42 756
793 340
405 934
742 849
674 465
87 4
271 845
755 230
632 347
985 621
695 741
381 408
94 691
649 785
134 334
156 306
213 335
181 993
309 220
517 775
385 740
651 705
449 425
761 709
217 949
699 733
80 139
69 785
117 586
949 285
473 76
240 321
847 806
5 469
668 187
285 355
947 884
535 581
498 664
52 775
734 319
631 941
576 307
763 349
374 963
584 888
252 990
666 694
169 502
887 87
136 713
472 221
535 408
180 150
830 588
248 264
139 619
66 649
439 404
222 796
960 165
796 987
488 678
106 893
433 27
914 618
314 878
991 616
596 120
818 142
927 496
748 339
969 10
935 805
992 229
149 912
131 765
225 266
373 867
659 991
641 312
456 34
791 438
387 916
851 155
708 368
413 908
881 876
220 442
902 526
519 328
617 826
580 330
803 493
751 291
516 782
225 581
333 240
929 327
305 493
803 378
417 171
381 346
220 728
737 482
521 525
974 497
525 985
513 945
72 351
237 891
113 693
39 133
150 870
85 455
152 150
81 288
9 195
378 418
103 915
186 457
77 820
939 153
861 516
134 453
427 333
428 674
73 691
159 786
933 971
535 907
498 765
762 639
156 52
253 468
557 780
9 782
429 749
54 239
235 674
397 399
127 400
476 648
442 776
204 927
596 617
490 636
458 30
499 966
724 277
654 248
325 846
507 551
952 920
662 711
826 945
350 403
631 193
725 208
520 46
421 716
574 386
80 834
11 280
526 289
710 194
306 188
295 776
960 129
83 82
728 925
784 991
782 638
434 11
883 571
405 425
842 316
260 950
203 776
942 243
249 664
234 76
920 461
567 258
85 935
953 395
845 91
764 579
301 955
858 520
966 951
517 667
521 728
48 355
564 730
211 562
396 928
129 891
521 553
599 992
86 797
432 916
494 54
484 968
358 993
293 558
973 188
722 636
579 29
789 842
41 419
838 890
783 588
590 447
576 159
743 955
856 549
285 779
659 2
364 772
290 611
493 936
539 552
887 120
337 580
982 404
252 689
750 176
455 492
627 551
852 896
249 429
490 961
515 592
511 981
956 678
204 899
481 258
485 934
749 409
507 594
182 826
499 954
579 742
178 181
676 436
325 802
201 876
754 576
207 258
178 4
899 124
828 78
421 736
593 855
117 49
980 113
91 875
714 37
130 82
299 451
429 38
893 513
107 404
372 779
788 915
390 659
871 78
858 859
489 212
51 418
426 719
113 906
429 456
816 652
589 618
439 787
611 738
724 963
675 1
695 66
383 918
794 689
79 425
997 918
391 797
33 321
894 486
237 545
932 519
256 409
82 270
252 162
331 750
189 719
636 280
275 474
95 677
99 702
449 339
531 781
623 115
237 212
113 974
585 365
432 670
342 113
661 515
669 24
707 349
156 205
696 938
539 564
905 162
160 103
899 924
117 721
818 724
674 592
568 467
914 67
43 611
251 388
754 533
972 476
814 459
227 367
563 201
467 220
378 769
731 783
538 393
866 42
973 966
686 202
852 233
988 505
554 927
719 379
187 346
171 817
79 984
425 705
774 759
885 16
158 600
277 182
281 51
563 645
325 346
399 711
20 648
847 197
480 413
478 888
926 748
825 602
12 276
401 999
132 849
918 784
690 659
485 21
24 489
82 355
928 655
855 316
395 322
167 654
954 991
435 500
850 860
67 90
693 306
529 368
15 730
841 615
533 409
898 742
919 944
261 166
941 708
727 87
911 284
604 770
938 346
170 224
298 957
741 151
544 573
851 683
375 185
322 39
565 921
950 685
973 324
26 803
322 86
626 40
24 842
313 393
742 658
545 54
971 252
535 983
313 778
415 949
680 602
75 16
170 292
833 108
533 20
416 838
792 759
80 569
868 418
909 763
286 973
433 431
549 969
681 193
204 602
248 410
800 305
585 573
473 527
628 965
809 165
921 483
27 864
517 352
415 265
951 715
102 375
845 725
120 946
84 853
417 622
917 297
365 924
261 693
943 517
569 860
292 905
997 716
84 555
793 578
774 396
152 139
150 426
23 664
172 54
263 137
893 924
505 843
215 240
401 860
698 154
793 134
426 441
688 92
375 974
232 360
929 326
31 258
768 964
253 430
900 271
81 5
688 43
963 99
33 506
271 928
399 159
646 116
834 737
891 389
693 135
579 32
326 134
12 979
532 821
915 226
165 463
363 105
739 934
132 280
9 83
925 453
394 543
531 946
973 207
109 98
146 492
67 815
307 131
548 963
787 141
123 443
434 258
201 533
473 216
599 117
904 463
356 547
654 78
216 118
199 919
202 137
165 3
528 521
140 327
468 84
508 905
739 499
891 668
182 633
828 171
745 771
637 789
917 619
406 224
814 221
853 697
785 297
880 873
993 78
799 280
76 243
505 660
629 67
569 888
757 319
713 185
551 649
110 459
133 624
889 600
375 573
723 169
2 633
849 186
557 137
25 776
137 710
837 796
746 194
158 108
252 159
806 680
384 953
944 161
363 891
488 534
204 361
828 787
388 864
100 426
104 45
525 845
215 875
329 904
898 833
276 989
137 49
213 262
730 912
146 321
411 815
216 389
496 155
507 134
307 843
532 381
330 693
596 680
265 294
799 206
150 360
824 51
652 729
558 727
887 409
506 180
695 771
454 60
256 973
459 726
758 494
120 558
407 110
675 998
892 608
783 972
166 941
581 496
145 340
663 14
919 96
859 653
418 615
455 960
117 161
814 249
818 196
603 870
583 452
940 695
195 786
528 49
582 132
529 776
549 453
163 22
522 471
571 226
811 563
704 385
278 660
851 338
232 386
488 812
659 647
673 577
21 126
868 567
922 491
819 865
203 656
903 45
370 131
613 325
704 687
121 851
944 418
732 373
563 270
224 580
981 594
879 311
379 288
892 450
629 668
47 577
599 116
548 726
787 374
811 12
544 641
262 708
752 740
381 724
347 556
310 720
60 675
542 287
180 196
273 814
971 211
673 562
498 995
464 671
891 24
104 438
251 185
783 128
643 629
493 796
169 254
527 143
568 468
972 334
331 350
667 280
946 369
867 171
164 310
607 98
633 675
942 765
50 397
89 337
901 578
455 646
168 64
514 399
145 304
98 368
151 510
905 718
357 517
230 285
32 622
987 690
236 646
174 874
746 823
728 854
251 667
126 877
455 821
816 393
814 900
616 907
896 529
793 911
889 822
968 419
966 722
440 636
408 218
637 257
341 708
570 458
257 459
276 81
542 812
689 456
51 979
177 700
162 72
237 516
94 919
869 207
154 740
453 872
774 82
347 362
20 188
367 871
260 355
388 824
480 841
744 134
356 244
569 477
191 741
590 325
951 392
376 689
108 676
74 532
863 276
111 467
795 540
668 262
597 408
247 19
768 468
422 181
964 824
145 208
754 340
365 881
344 80
226 12
83 749
190 691
406 871
527 784
397 75
550 403
169 500
512 13
636 566
675 958
912 284
344 878
236 452
643 845
936 402
679 714
118 800
775 623
787 669
40 502
791 125
316 323
657 369
136 553
728 899
184 821
600 187
351 715
301 34
799 295
178 303
235 290
538 63
393 648
799 180
215 429
552 399
236 904
258 742
296 589
319 467
33 558
287 881
419 105
497 537
963 324
157 389
747 429
694 212
676 871
482 574
720 575
595 785
409 652
740 21
380 929
57 386
419 615
646 986
849 238
833 737
968 780
841 514
21 648
815 806
601 750
385 597
857 389
983 349
881 319
665 526
152 759
939 58
787 60
925 452
618 598
990 762
241 41
369 252
251 199
407 502
501 471
526 888
859 497
350 228
213 52
877 237
274 472
369 990
317 86
448 491
231 432
549 795
326 396
239 933
260 810
544 117
304 746
169 836
498 532
437 862
98 470
317 824
345 814
268 412
2 272
814 371
600 59
50 36
362 338
2 131
22 70
509 370
936 172
515 557
614 447
180 59
71 668
438 161
172 501
887 798
429 482
969 900
710 893
73 328
556 403
294 960
48 186
693 550
309 301
348 325
167 643
594 109
479 765
833 29
819 772
699 234
846 111
741 379
45 436
655 679
14 102
499 255
262 959
390 128
449 708
437 925
327 735
882 146
901 284
261 253
299 70
194 176
827 324
424 917
5 248
243 613
48 597
34 664
734 953
146 446
686 734
470 271
496 150
739 850
649 62
302 564
138 573
347 941
815 151
322 417
655 724
758 380
78 994
139 838
303 59
434 78
363 228
255 466
827 693
41 104
795 147
615 562
136 308
579 744
800 233
197 341
312 446
847 687
500 406
784 799
412 624
295 857
614 633
706 620
874 410
257 802
314 693
866 870
596 67
310 297
281 85
889 168
192 392
301 106
710 974
783 950
163 25
202 56
480 499
387 577
619 384
323 863
72 221
646 753
116 142
459 603
980 804
758 29
309 257
559 100
138 443
675 144
343 102
355 556
817 327
357 390
324 337
627 88
185 237
996 291
1000 166
48 275
906 45
397 896
753 466
354 639
267 576
369 90
26 973
834 932
82 961
412 242
519 954
143 66
290 530
384 595
479 58
209 450
561 693
160 10
728 215
643 743
881 80
476 812
4 939
62 225
134 530
677 396
404 616
18 123
237 389
700 611
517 83
222 491
957 140
616 274
850 638
840 34
995 950
514 618
606 284
438 690
165 986
615 598
597 967
869 492
931 623
930 934
588 587
795 332
681 319
338 401
178 38
197 474
714 244
663 45
649 615
944 625
616 750
843 425
560 673
245 383
83 12
291 123
516 608
262 424
887 849
267 450
984 624
955 49
760 215
278 710
870 894
915 671
919 717
370 450
723 442
747 448
733 877
491 654
153 265
213 677
907 400
158 26
132 625
479 602
263 325
581 730
380 13
220 614
820 405
746 426
848 242
744 135
7 977
545 490
764 218
910 674
17 593
952 468
475 705
114 387
721 233
61 648
189 435
195 734
938 122
316 570
354 357
407 493
933 924
691 606
895 646
53 341
757 673
740 433
299 573
636 226
982 466
506 11
78 939
9 864
249 363
749 462
308 692
662 591
937 220
240 322
189 119
283 510
433 429
986 563
487 694
238 668
131 34
773 767
876 102
258 163
616 699
835 987
378 658
325 137
141 591
554 625
439 401
353 80
837 417
244 238
379 71
912 74
222 508
842 263
610 299
775 825
690 339
659 992
35 26
534 32
607 682
756 240
194 745
395 386
897 964
861 267
314 46
595 163
978 233
46 692
343 441
453 553
266 831
802 814
902 486
7 134
695 309
42 727
314 272
635 700
394 168
512 475
716 667
646 106
384 123
533 300
682 918
705 607
777 890
461 449
543 647
103 908
78 821
751 992
924 878
372 418
200 708
294 845
691 698
270 59
588 18
810 20
722 904
151 780
66 804
85 120
655 396
288 214
680 568
971 107
230 926
507 587
697 751
809 997
687 908
504 947
196 937
148 852
773 723
170 568
338 454
178 31
620 408
457 428
292 358
828 165
576 182
541 712
466 290
653 14
585 936
148 24
999 962
297 452
170 858
546 837
361 665
268 195
127 934
758 844
797 884
858 834
720 879
516 568
597 563
653 321
395 81
31 539
590 804
202 557
996 603
906 687
142 570
124 654
90 522
683 681
530 898
654 964
513 240
734 94
756 490
298 718
134 88
7 234
524 464
907 472
730 717
627 127
22 202
162 233
209 170
105 361
949 158
732 258
364 23
393 12
727 25
705 571
479 176
924 963
47 540
764 2
565 991
968 519
133 67
506 353
919 585
242 359
170 472
522 821
908 734
548 993
844 392
437 622
406 35
458 710
725 507
843 64
221 684
39 639
185 812
623 653
917 826
863 146
390 842
134 992
908 915
676 133
397 146
308 531
577 478
157 998
196 540
162 924
239 670
347 435
214 11
870 946
140 75
641 554
254 377
678 463
117 749
596 76
563 829
413 702
361 373
461 658
118 523
384 668
729 598
681 731
817 11
376 197
528 66
641 357
936 935
496 878
867 881
409 81
841 878
292 594
629 983
393 700
775 39
561 159
615 292
928 870
929 403
15 594
55 685
189 859
158 78
487 312
295 83
99 594
728 790
705 694
220 562
539 890
993 758
8 738
862 732
137 450
247 491
263 518
232 64
68 750
489 567
368 640
61 611
195 741
233 291
644 362
140 857
460 199
905 86
816 631
714 686
752 629
312 950
242 364
1 954
53 481
950 913
424 319
43 727
815 285
599 442
342 961
848 966
61 39
653 739
875 415
951 962
499 899
316 91
870 662
949 547
909 458
945 78
840 724
75 84
960 93
465 529
546 794
28 613
691 223
514 316
166 958
546 653
28 660
692 691
896 612
81 594
10 478
175 724
824 902
162 757
484 504
278 1000
732 134
589 523
704 495
854 913
567 116
71 901
826 478
853 72
349 611
6 204
814 727
854 512
331 621
983 228
975 261
555 421
442 995
281 620
689 351
945 693
953 162
731 612
739 721
206 694
890 847
194 759
208 424
768 25
697 165
533 279
494 237
385 591
795 752
613 89
560 347
778 494
489 531
308 113
590 195
555 208
422 457
61 647
778 369
408 981
86 585
401 322
68 76
540 731
688 590
527 463
97 716
777 392
563 411
587 289
848 787
210 634
498 660
283 64
108 475
625 199
681 181
921 710
777 362
656 737
585 593
992 701
316 127
796 817
304 607
784 713
148 800
611 786
411 450
171 416
116 259
278 22
117 246
550 706
165 672
999 73
253 871
788 598
775 131
59 18
261 690
499 475
979 997
448 619
658 754
662 234
519 311
900 843
736 680
945 102
965 363
345 882
931 215
962 739
158 996
825 681
916 208
918 930
778 209
542 782
447 462
620 710
470 805
787 571
675 624
405 527
628 971
594 425
238 366
513 949
773 491
363 12
578 597
9 374
919 78
195 415
903 709
772 533
243 395
993 373
492 474
735 430
954 579
958 139
873 913
946 104
434 479
17 717
660 785
790 832
557 30
209 521
845 49
449 58
179 337
52 961
569 217
290 970
754 231
956 559
382 870
952 190
790 674
60 331
701 871
670 584
118 843
839 978
97 970
848 910
429 907
98 468
584 211
122 478
918 288
701 912
854 378
691 230
585 943
14 633
171 890
79 925
912 24
897 660
515 69
755 584
519 629
889 146
942 132
184 88
615 93
638 134
186 183
629 189
25 243
561 481
756 68
224 861
903 9
396 973
423 484
836 67
855 481
930 24
555 493
495 502
333 503
484 101
622 327
342 185
931 446
146 666
609 584
749 919
594 284
8 711
261 251
85 487
626 141
994 937
994 219
831 46
485 494
933 538
234 955
243 532
744 111
605 946
950 539
368 323
97 667
796 437
273 254
291 783
838 536
386 632
593 655
600 505
598 120
782 115
506 64
752 296
535 649
40 545
4 215
723 665
207 488
457 981
289 550
527 805
666 635
943 21
340 62
639 442
575 463
70 995
734 394
735 983
519 810
938 631
278 252
596 367
390 986
836 702
586 389
753 700
598 36
852 64
486 962
11 753
474 957
37 429
539 467
154 203
732 780
129 415
239 492
755 801
963 480
90 636
570 322
614 187
816 206
619 275
417 373
168 705
262 127
118 153
102 894
175 902
894 490
825 737
756 463
993 555
940 246
542 838
107 869
953 133
39 248
612 654
246 900
462 705
431 626
623 14
954 793
259 933
388 839
648 704
33 16
697 249
475 743
99 307
636 506
159 833
400 708
868 727
123 6
937 452
665 885
761 648
924 198
672 151
446 262
48 849
383 860
787 198
517 81
576 563
504 908
544 465
49 917
87 641
880 409
330 950
772 33
369 996
408 980
541 508
1000 514
31 658
730 439
696 379
735 954
772 176
598 315
467 224
602 621
658 203
736 663
553 39
24 787
226 329
541 542
47 341
809 222
22 157
414 35
746 675
178 439
568 531
308 790
809 367
538 183
991 627
924 752
745 617
463 426
395 186
664 705
999 437
675 451
430 487
127 718
900 848
278 708
119 814
720 400
629 825
832 725
944 447
764 528
31 389
487 583
401 884
827 490
612 588
560 239
237 513
988 863
609 662
669 436
130 741
36 903
232 159
76 272
190 280
119 402
764 869
452 685
547 729
548 614
971 517
815 764
359 784
285 173
858 145
967 977
807 104
995 280
416 19
57 807
281 943
714 707
394 303
421 159
892 342
640 657
488 628
633 610
498 661
446 653
801 386
843 11
518 545
443 665
230 579
718 980
792 874
408 863
653 919
622 516
753 747
184 730
425 537
390 930
762 139
176 538
340 485
896 803
549 215
165 734
663 51
672 758
69 114
663 416
957 707
373 268
11 825
283 572
865 224
328 131
365 920
676 908
845 563
888 42
46 380
384 632
733 222
951 139
144 404
42 947
266 965
133 536
806 268
988 908
55 359
37 808
7 128
300 398
391 865
505 824
438 260
422 697
205 7
243 364
336 442
139 372
983 120
113 680
521 385
545 283
699 542
725 530
638 759
618 706
843 747
934 262
863 740
800 806
692 508
216 429
734 595
290 600
750 217
812 565
924 159
596 666
548 975
753 75
611 373
186 776
274 725
89 67
201 537
887 433
501 246
908 538
601 216
473 845
296 178
380 631
732 741
53 762
421 358
313 869
302 219
839 848
271 362
455 587
886 405
871 323
504 147
895 73
657 346
35 218
704 155
758 834
637 627
512 974
464 596
563 448
332 671
704 266
634 711
173 73
780 247
230 58
839 660
382 449
838 698
225 410
707 522
656 316
250 831
215 291
73 734
950 190
375 569
267 188
37 972
167 781
993 526
833 849
261 472
146 520
76 457
354 743
432 905
626 381
789 835
431 718
17 910
921 737
857 486
697 77
271 166
276 584
540 749
643 652
942 920
448 300
161 649
255 761
790 732
919 440
807 743
403 549
813 870
160 318
87 877
700 696
496 454
630 185
210 588
18 727
984 91
917 937
645 506
792 930
614 749
745 850
691 469
340 430
400 11
753 691
719 354
120 784
457 89
821 308
843 398
348 992
335 26
541 859
250 526
220 170
391 229
340 755
949 651
702 973
849 623
331 976
484 454
157 552
345 824
841 899
573 588
577 905
29 750
121 629
983 877
390 131
989 444
771 633
295 367
940 96
95 416
926 407
203 660
76 414
389 375
251 640
517 523
55 732
169 661
3 929
8 533
696 738
588 400
294 271
775 340
122 526
238 216
349 880
358 785
217 931
37 359
226 659
688 420
253 515
94 394
520 381
518 280
463 595
448 264
319 543
736 987
316 887
298 262
763 198
247 809
52 809
690 83
758 351
703 458
62 454
924 485
316 41
820 840
630 133
685 163
440 111
801 711
36 884
259 175
300 577
597 949
411 504
614 473
650 859
98 268
541 654
254 411
365 802
44 461
120 923
474 926
625 758
954 457
944 338
20 11
533 992
681 565
956 175
23 514
963 832
864 8
295 386
499 31
855 330
654 787
785 672
881 971
720 599
348 264
298 757
318 752
817 279
489 358
224 757
9 463
124 249
107 832
848 314
48 306
30 486
215 958
682 945
864 948
683 392
595 708
134 320
172 915
13 657
919 685
138 428
928 320
655 151
768 313
237 68
795 528
155 369
624 590
731 674
109 10
742 586
866 391
276 759
631 133
908 736
621 111
587 291
493 764
152 812
246 476
602 300
804 544
848 932
633 722
207 419
299 988
32 817
786 486
147 608
260 961
210 532
282 185
496 207
131 447
921 486
903 722
11 602
672 368
676 344
109 735
594 577
530 327
11 683
638 398
514 286
527 180
475 422
865 242
576 75
453 442
344 852
37 612
975 482
210 88
102 74
512 914
861 407
718 256
646 557
352 137
867 826
851 161
390 495
642 156
250 792
54 920
880 703
111 857
208 456
334 184
765 236
324 76
896 287
272 601
774 272
372 410
45 332
34 63
876 858
788 404
639 614
341 431
516 834
142 521
862 606
223 862
552 975
384 833
903 1000
964 324
472 570
111 285
630 871
377 899
655 890
712 388
815 271
407 413
568 195
216 82
356 458
982 386
964 649
865 880
890 293
1000 701
623 643
934 112
169 58
795 794
616 365
692 130
565 444
368 150
829 503
98 99
304 750
31 597
511 29
892 712
987 976
659 560
737 777
184 759
3 93
334 681
904 656
745 774
980 91
377 138
537 530
420 434
749 702
478 392
481 164
799 374
10 107
205 533
653 877
617 621
300 815
239 458
409 929
845 982
564 898
548 251
881 770
788 330
718 143
387 775
279 813
855 370
181 367
572 592
684 122
634 777
29 811
198 930
489 318
913 73
419 519
854 697
285 114
793 391
323 304
824 363
787 353
73 793
256 279
782 420
530 581
843 662
562 882
630 71
749 224
472 820
809 667
238 799
701 413
333 569
808 605
556 535
579 974
835 600
798 620
433 520
502 458
386 670
114 571
339 674
972 438
650 865
577 263
382 983
506 700
918 339
645 505
630 41
617 136
880 172
643 216
513 882
533 521
411 396
291 242
481 192
190 169
710 835
37 427
356 177
97 400
813 442
245 264
232 745
12 19
93 964
276 356
13 294
688 504
174 383
358 488
422 917
398 442
194 556
305 333
695 88
509 997
955 247
224 891
616 32
760 925
748 354
618 71
512 376
807 403
276 41
941 329
64 771
195 59
141 897
699 891
258 895
261 332
493 995
699 1000
151 653
467 840
999 404
674 166
986 116
756 542
666 972
636 500
380 314
971 377
337 521
480 477
52 20
53 381
312 953
57 869
543 894
579 837
839 471
236 168
41 430
549 480
596 702
930 704
369 922
499 791
467 373
303 987
485 964
821 538
934 779
713 79
9 554
140 260
70 973
435 320
576 834
533 668
53 930
420 123
921 442
225 5
800 992
390 599
852 102
837 246
362 150
272 178
700 18
899 913
724 152
16 183
831 889
858 825
653 477
381 991
456 13
864 410
79 315
573 510
560 899
50 626
266 818
659 825
951 161
521 824
336 690
393 603
345 644
107 549
178 834
719 810
614 52
979 665
357 85
589 362
367 140
335 674
871 556
621 921
252 220
513 942
567 279
825 876
57 474
424 20
974 271
498 124
100 408
176 504
919 831
761 991
632 465
530 634
623 157
13 737
901 114
501 510
66 173
105 721
749 168
713 914
627 197
8 78
799 968
691 723
397 356
201 611
56 346
40 959
316 788
27 171
815 306
658 11
431 830
606 365
678 78
148 973
257 738
956 868
518 551
596 451
354 50
463 852
246 76
106 563
456 542
643 370
936 264
19 556
248 416
856 95
658 813
645 561
832 216
653 998
247 707
984 387
641 998
130 101
168 176
620 238
495 938
791 233
905 894
818 137
774 492
231 988
359 235
287 94
470 878
935 802
362 559
704 288
872 834
491 55
590 716
367 349
598 959
683 283
310 55
232 479
506 802
323 936
984 878
533 229
700 478
859 923
811 796
354 705
7 787
858 337
803 752
150 513
555 275
721 47
370 87
797 498
19 694
690 866
141 889
738 34
937 727
702 337
393 101
610 720
241 83
612 422
795 590
924 601
964 635
882 988
935 170
250 492
83 961
617 409
1000 303
691 232
130 914
807 876
653 582
321 997
468 892
252 539
564 422
881 237
45 603
835 245
611 452
95 191
960 732
544 27
377 318
783 372
36 687
74 358
681 150
19 475
312 591
936 1
944 832
796 225
709 576
250 167
412 762
822 865
651 877
41 128
574 314
448 142
265 968
430 18
507 685
202 405
918 295
857 734
887 582
966 83
418 605
878 895
883 659
336 830
117 215
942 24
283 621
626 207
94 968
111 553
176 870
34 412
387 616
135 254
755 875
465 393
124 650
486 353
498 339
81 185
428 170
547 36
860 165
276 22
997 972
465 171
33 303
986 383
102 842
773 216
404 434
595 929
464 109
686 584
29 987
51 703
725 584
197 645
868 974
859 133
290 664
519 681
61 603
621 643
384 588
333 679
995 191
446 414
70 538
731 380
492 328
277 916
616 172
528 830
870 700
165 207
717 914
919 442
799 896
949 162
210 60
18 931
290 860
274 313
99 212
623 383
670 683
395 727
913 150
532 712
866 174
574 327
138 943
947 83
198 43
457 483
865 494
66 601
965 859
343 987
590 811
903 533
69 167
487 408
309 840
457 221
525 116
454 894
361 377
468 443
344 585
720 944
793 772
866 722
261 870
23 907
851 122
916 551
658 500
270 972
474 555
58 298
295 523
119 839
379 762
966 744
220 458
441 275
82 487
604 96
110 489
812 149
326 355
462 298
300 449
232 279
253 511
603 643
59 682
703 717
875 678
525 905
517 521
275 370
86 728
727 72
584 426
341 733
648 583
479 259
425 434
664 829
501 711
356 222
432 518
38 774
773 177
392 148
998 756
696 962
992 709
111 453
242 308
977 943
652 917
962 29
526 906
894 820
109 36
311 872
520 383
683 221
498 541
877 31
736 989
308 302
718 912
887 458
224 791
484 559
985 70
490 556
678 35
915 367
221 652
523 850
193 363
601 22
723 634
195 805
382 609
883 950
648 481
978 920
555 437
296 27
678 534
981 468
782 799
71 428
991 751
631 660
89 629
396 862
505 741
749 954
642 404
970 825
832 778
600 278
230 113
362 73
58 462
277 32
405 91
229 295
230 192
140 292
42 986
617 838
447 321
267 167
237 621
491 645
497 960
793 179
595 891
813 208
694 125
698 112
295 226
669 433
821 374
381 319
552 981
997 149
51 739
117 890
152 370
566 325
575 25
354 399
405 753
781 650
13 736
659 210
473 43
882 953
459 72
705 656
541 10
583 659
543 339
695 769
627 631
62 134
981 948
645 141
703 411
178 786
530 63
787 852
936 378
844 291
23 414
213 892
658 155
143 609
648 413
147 790
32 930
217 490
867 352
779 962
852 20
546 971
140 184
32 297
18 540
560 755
758 202
357 547
49 370
33 853
451 546
13 279
220 253
775 679
867 606
391 158
805 776
624 377
58 371
160 883
149 920
97 479
535 448
853 896
185 509
966 479
953 518
440 943
936 980
666 462
387 924
74 985
72 26
704 463
542 995
979 125
231 530
953 480
57 283
862 880
21 432
261 481
997 983
841 699
56 989
604 949
24 123
118 390
155 787
337 916
534 770
794 704
525 802
342 470
164 978
401 512
238 39
366 472
137 834
657 727
531 981
933 610
346 908
652 974
856 593
85 289
178 581
753 255
294 55
223 215
493 930
7 726
322 292
454 809
517 5
611 374
230 768
951 864
825 436
243 647
496 78
776 16
632 938
330 973
166 351
848 898
653 807
840 818
442 626
540 255
634 14
875 232
923 540
966 193
325 199
677 50
771 53
499 748
166 988
467 10
984 352
838 15
18 512
757 334
849 870
45 857
83 90
999 24
784 983
959 911
417 658
783 811
607 471
990 485
478 537
968 259
400 863
6 991
516 692
542 588
49 201
673 277
129 81
794 677
427 852
615 319
565 614
379 575
215 173
551 535
256 92
628 186
441 208
828 964
389 272
194 1000
159 442
128 6
855 544
372 623
611 481
426 166
299 444
651 803
290 665
845 489
369 432
540 633
359 853
855 176
971 351
368 744
264 947
156 225
660 817
706 51
398 205
863 507
496 27
497 310
849 340
835 602
503 504
895 554
861 710
769 888
927 850
458 60
877 348
936 306
535 762
645 342
294 652
98 5
596 260
669 624
499 603
596 363
154 386
122 510
468 230
680 966
723 872
905 731
505 351
51 797
349 86
6 665
317 568
654 617
537 151
567 984
500 614
149 879
829 320
906 618
338 88
671 814
988 162
207 301
889 318
816 371
221 331
533 826
991 379
889 908
488 787
988 755
571 104
901 567
478 934
742 211
727 357
993 309
253 510
142 440
650 472
462 346
390 215
800 382
569 744
954 946
523 171
910 601
513 993
275 482
649 273
333 360
392 262
30 280
364 578
751 950
219 321
440 18
560 259
561 606
950 584
111 452
848 14
42 93
632 661
907 903
711 373
660 725
627 666
792 453
977 575
601 891
657 953
35 893
536 970
800 79
126 649
87 669
369 920
49 538
782 962
964 993
400 332
502 650
131 204
353 364
905 533
635 370
740 991
597 946
945 433
586 421
714 254
221 478
404 610
650 838
80 770
301 422
529 195
676 182
182 427
148 623
304 357
419 822
909 824
97 434
946 254
524 81
28 768
748 744
783 912
805 584
239 268
940 801
63 594
158 866
710 703
56 740
989 364
594 156
498 265
441 885
45 212
375 589
121 534
626 525
721 807
499 145
651 60
748 351
251 560
124 290
305 504
253 386
608 255
126 203
3 881
833 798
450 326
656 549
141 931
551 940
986 423
952 363
163 708
301 102
744 141
564 234
748 685
341 769
753 321
915 206
996 35
962 207
631 963
713 775
221 860
627 713
241 6
780 34
602 9
18 198
455 31
238 981
956 512
63 529
817 946
947 895
201 609
644 165
50 326
433 598
347 860
248 563
501 143
285 670
804 690
342 593
787 964
476 451
682 274
47 781
779 884
961 841
22 194
922 852
987 870
255 246
23 236
740 834
672 738
233 492
897 643
41 981
831 782
851 68
559 383
118 709
690 506
215 268
624 378
352 29
813 384
707 645
842 502
893 690
676 904
422 832
405 126
353 677
941 423
214 742
732 103
381 15
291 379
703 550
560 816
632 30
340 788
362 844
716 947
920 152
370 371
868 758
336 303
579 381
286 77
452 349
354 735
512 465
716 657
402 713
220 576
851 734
601 759
907 656
103 821
952 263
327 641
453 966
959 76
856 931
618 718
527 264
30 336
678 684
207 844
340 804
34 766
536 868
739 831
186 933
939 289
483 125
601 770
527 46
587 371
940 62
844 98
611 377
562 943
173 531
937 145
810 161
633 514
672 66
160 278
288 347
899 600
38 267
351 848
889 345
981 169
412 756
895 791
680 860
679 534
87 793
894 951
302 223
620 46
676 488
198 92
793 524
187 301
919 84
278 68
740 919
300 516
636 704
749 607
680 122
329 108
22 89
904 610
559 418
840 608
639 112
251 643
387 733
11 857
784 103
417 514
182 258
665 228
59 53
505 525
508 436
437 264
55 417
385 93
793 72
850 107
284 837
483 767
870 505
785 877
974 427
615 399
197 754
272 727
493 347
310 819
998 492
54 308
366 10
422 296
48 765
910 749
742 976
995 455
958 217
720 900
964 458
237 120
882 111
722 516
905 60
191 347
964 601
14 192
161 284
768 484
643 752
146 456
525 251
688 89
397 345
949 348
815 263
339 566
934 540
952 863
860 952
494 746
867 76
5 677
307 389
292 343
19 505
820 875
597 44
744 528
620 387
235 935
771 387
576 889
879 889
282 252
340 426
624 85
861 792
357 745
373 125
286 559
676 147
326 796
516 484
184 773
885 3
690 51
374 520
748 381
896 670
243 581
500 86
27 590
504 401
90 726
732 777
224 226
920 387
314 926
666 171
465 346
871 214
510 314
441 273
67 331
534 848
272 533
550 888
845 840
21 899
160 726
620 756
592 553
2 597
969 205
812 38
544 844
428 287
216 813
877 584
149 883
538 562
777 986
526 767
928 383
581 624
413 30
539 880
425 432
355 819
262 813
543 692
531 788
806 430
739 921
223 251
725 726
707 439
712 479
512 953
618 937
530 311
722 72
540 892
687 767
51 345
680 615
41 403
39 648
153 745
668 216
728 371
925 679
506 97
568 476
971 41
476 585
481 293
578 205
711 43
183 626
717 662
900 394
875 809
634 212
31 558
857 819
808 233
61 259
265 774
395 979
468 251
980 745
823 435
970 69
398 746
685 430
705 272
409 211
295 664
746 995
132 908
611 986
480 72
335 250
887 492
676 917
864 413
718 296
314 946
277 46
212 292
874 42
894 41
239 380
557 39
196 65
219 224
794 666
505 807
806 665
17 808
622 780
539 373
632 357
355 734
608 112
986 420
489 644
316 723
595 712
318 417
378 404
964 499
215 811
844 153
510 893
773 147
359 924
656 851
750 23
76 66
184 391
626 432
178 897
606 449
654 690
330 836
991 9
655 374
174 685
503 419
491 475
454 237
8 175
891 794
325 848
734 436
153 999
100 652
178 114
749 338
36 916
375 932
903 718
615 704
27 891
600 39
999 865
412 951
568 581
988 470
236 339
899 447
850 467
409 175
88 490
37 415
206 318
922 119
687 309
46 423
359 228
482 970
568 931
735 601
942 221
690 330
174 331
656 70
604 260
901 182
20 693
41 758
101 270
770 911
391 958
433 297
867 911
82 429
375 592
910 837
788 289
812 95
154 593
805 209
357 118
208 172
489 326
806 645
450 140
310 852
292 743
190 430
559 803
855 72
267 931
786 721
452 493
716 658
38 610
775 267
800 605
986 440
270 369
971 548
698 372
510 782
759 669
324 950
350 946
702 295
993 738
216 434
325 752
543 930
839 267
661 691
825 442
368 59
5 320
133 411
615 816
265 531
527 207
753 936
136 256
47 42
984 68
582 59
587 33
623 743
352 766
593 976
960 509
190 550
526 444
973 901
226 266
652 370
926 849
502 487
1 416
904 611
465 595
136 973
879 960
55 130
455 868
295 659
421 980
222 954
478 543
447 596
28 730
247 685
974 799
22 440
462 51
687 446
444 464
470 526
2 812
672 860
551 84
324 71
96 799
495 433
958 642
153 345
251 522
267 225
570 394
332 969
779 138
11 228
949 886
592 733
238 858
817 428
671 281
720 53
146 660
367 822
289 228
237 230
297 725
299 463
497 414
543 608
299 690
366 304
368 746
699 686
891 134
713 990
626 105
22 732
773 124
77 607
49 786
85 180
14 112
752 479
454 779
825 357
424 700
331 220
994 372
830 246
616 318
798 592
532 612
365 173
647 885
925 627
811 645
382 584
753 852
84 398
316 78
931 635
325 808
622 598
115 764
791 991
294 541
251 151
170 519
746 550
16 417
132 917
738 194
593 845
175 475
73 161
201 116
255 137
607 420
966 979
793 664
671 667
658 390
524 159
441 261
537 355
701 656
119 979
709 101
547 278
733 127
594 807
477 417
337 278
46 334
638 164
289 747
96 219
233 86
604 99
362 882
692 252
702 720
647 209
387 871
154 614
284 985
414 48
766 219
551 565
699 782
778 147
45 400
546 151
506 968
977 113
940 131
797 262
67 249
489 468
109 366
139 858
612 283
904 468
189 566
194 236
730 970
693 198
878 66
351 795
593 434
721 133
389 165
138 999
815 452
636 103
960 633
726 80
506 511
531 98
924 500
507 623
169 229
903 950
152 981
982 313
285 519
805 464
520 64
792 741
463 892
374 425
527 775
506 209
126 508
957 102
501 90
799 647
947 176
697 921
737 708
28 461
123 478
14 648
236 360
607 267
966 970
187 340
171 811
818 14
638 407
676 176
552 126
58 747
828 475
597 658
821 805
927 257
863 204
145 585
576 403
871 100
447 36
313 47
969 228
33 160
516 767
556 444
854 468
829 785
270 487
435 945
607 719
332 563
580 345
798 272
985 815
768 835
73 665
838 506
278 568
160 755
338 418
694 112
987 230
146 570
58 158
96 453
498 489
851 599
963 113
930 90
343 243
401 648
257 597
638 668
989 699
185 386
574 740
702 441
6 368
906 162
484 906
125 936
271 116
865 909
419 801
264 673
906 309
342 171
551 29
129 756
539 637
209 550
456 718
658 357
694 559
255 559
271 266
772 493
260 25
762 721
514 804
3 131
685 419
977 234
808 424
537 878
610 780
390 890
192 925
659 319
627 775
496 259
249 77
340 124
696 396
123 833
295 904
482 989
672 373
729 324
862 424
184 847
222 779
466 457
858 967
654 436
298 109
326 869
365 769
594 973
405 727
524 992
616 833
874 365
69 13
862 714
828 366
334 483
427 591
373 391
582 197
713 58
681 532
631 536
427 732
484 411
799 76
664 505
722 75
903 34
941 491
836 199
885 215
378 504
845 783
684 403
319 184
785 784
110 279
898 593
108 82
846 139
742 872
870 317
233 840
60 943
612 332
959 505
449 352
217 764
380 152
128 347
367 898
885 961
669 180
697 431
491 920
643 777
368 719
223 323
227 132
998 691
412 50
973 495
144 719
78 796
743 878
563 508
305 511
421 242
682 466
352 913
460 484
189 34
887 399
585 741
677 221
19 479
611 89
616 481
869 785
891 825
446 133
217 346
387 400
207 307
778 803
943 239
321 692
140 200
2 233
865 311
520 886
558 786
707 58
67 789
515 61
257 989
75 626
277 274
904 612
8 453
508 720
568 977
97 399
292 16
945 217
709 384
694 300
738 496
571 953
840 320
186 190
111 842
405 144
961 118
194 709
529 580
91 375
789 964
81 189
893 950
772 835
724 656
928 705
870 45
533 118
459 457
25 903
725 990
63 219
946 989
243 41
160 938
884 461
190 218
232 553
743 762
393 52
980 984
342 497
643 980
739 639
276 999
625 196
234 809
109 427
626 23
864 736
649 468
299 351
857 281
490 786
87 404
990 735
368 378
187 798
259 765
422 155
886 924
134 559
249 457
216 318
307 233
790 726
994 373
173 688
123 337
605 720
986 977
644 127
217 279
946 323
395 715
30 782
196 945
37 18
661 936
222 22
648 457
188 386
740 599
76 404
268 298
877 490
787 706
202 34
754 631
115 767
596 374
615 698
762 90
613 331
273 184
608 588
515 904
273 277
516 343
59 260
352 266
39 810
365 594
819 318
857 759
469 761
623 984
184 775
940 538
465 702
13 348
415 88
737 10
956 364
190 441
483 942
210 906
128 953
457 803
677 116
41 700
832 849
814 993
374 808
585 63
16 878
474 678
21 19
962 691
173 506
634 792
839 878
889 697
935 708
497 984
650 372
107 973
699 769
812 32
57 449
574 638
958 921
318 312