897
42 160
321 207
787 421
520 181
131 668
200 258
53 80
9 29
60 154
85 227
861 176
377 560
497 743
3 10
296 28
104 73
445 139
34 205
557 113
180 373
119 155
87 269
56 51
234 333
204 833
38 298
840 193
551 494
202 154
158 714
223 1
130 113
167 305
84 806
235 83
561 586
21 24
277 94
370 772
27 82
47 69
82 361
256 135
54 63
25 20
37 51
220 476
865 631
57 449
845 719
176 154
78 97
332 779
413 30
185 86
459 725
662 93
854 207
712 866
5 553
91 208
3 62
672 134
698 650
403 688
106 128
357 323
70 564
327 343
442 894
9 6
32 58
144 614
36 14
216 615
101 324
198 56
78 835
350 202
393 261
807 714
224 317
21 710
886 836
195 509
605 27
283 203
28 19
385 485
748 892
27 111
241 376
229 21
85 494
516 173
82 204
167 259
475 420
784 848
82 420
505 424
173 68
195 271
838 297
275 83
496 165
841 596
696 762
469 79
185 325
38 21
674 696
23 67
465 376
155 214
783 203
724 134
427 530
727 678
10 514
381 36
201 8
49 667
304 583
101 186
225 163
251 232
45 137
52 6
15 16
459 434
384 716
383 640
576 629
467 212
211 87
773 679
794 753
61 21
267 31
774 394
787 800
231 83
53 52
678 584
588 160
79 395
354 365
550 313
822 76
252 194
212 65
619 221
660 400
60 359
641 453
127 5
439 741
472 449
125 291
120 463
151 163
4 15
618 426
126 885
40 24
707 412
871 92
284 622
11 9
199 48
178 9
535 324
188 457
75 7
773 780
208 674
148 478
893 181
61 306
331 85
23 187
145 166
81 43
826 662
611 254
215 118
20 5
421 233
542 459
682 128
250 14
718 124
653 816
694 293
883 604
394 103
226 143
7 5
14 35
31 46
78 402
9 26
97 189
80 100
208 388
422 168
469 808
397 202
265 198
566 574
310 108
454 103
27 830
654 80
739 245
261 128
378 461
728 130
564 697
141 580
103 295
729 796
479 384
72 4
299 636
384 75
232 28
669 642
642 511
202 480
577 705
555 414
289 222
712 404
654 797
1 2
346 98
233 92
439 679
515 405
811 411
617 303
102 358
741 809
621 661
264 884
104 120
193 857
81 502
122 110
457 732
177 68
766 507
336 812
300 765
675 847
389 176
153 740
514 872
823 352
132 274
100 518
558 471
184 778
61 263
398 880
225 423
95 81
118 106
188 84
7 107
217 109
803 719
17 55
709 3
829 812
375 76
75 167
269 311
598 720
415 258
129 18
131 33
199 281
844 20
419 524
804 424
425 25
875 474
338 582
44 434
102 213
499 457
831 221
370 364
85 35
440 44
265 379
179 132
170 285
23 49
620 153
351 753
365 538
464 607
896 831
411 189
300 189
525 436
17 180
165 219
6 54
255 118
428 713
867 589
170 862
382 233
412 11
703 241
207 181
130 387
541 162
203 177
38 559
449 533
635 879
174 173
102 172
140 519
102 101
502 832
62 836
61 79
5 6
799 411
96 473
600 148
221 186
791 562
22 44
735 2
813 664
849 610
521 3
142 124
528 307
29 253
353 364
438 81
355 429
347 828
6 12
223 512
495 613
895 766
206 3
442 185
704 213
230 493
6 31
391 490
10 30
344 563
17 45
81 345
3 48
303 105
891 422
322 545
581 277
771 493
54 76
325 500
9 531
366 142
726 456
77 141
604 700
756 67
8 597
102 734
606 730
488 237
23 59
6 220
99 66
484 371
715 99
385 404
532 673
384 477
701 284
767 256
751 164
73 125
214 341
839 603
326 92
16 27
443 554
71 336
200 194
432 31
824 212
243 173
138 62
487 120
10 182
737 215
569 78
792 560
356 652
446 283
18 626
23 43
216 428
139 452
736 56
265 416
161 63
860 170
754 379
691 733
226 414
13 4
312 632
141 327
274 353
164 148
262 120
268 232
658 480
15 34
84 197
314 273
630 333
39 9
458 33
649 385
576 221
370 748
547 214
135 540
299 561
104 242
490 745
386 523
354 408
795 668
398 272
548 162
689 567
441 374
322 495
523 623
218 63
242 286
410 98
136 342
146 532
36 591
536 842
536 305
455 395
486 755
882 154
59 145
326 592
815 123
287 349
318 329
42 64
709 846
129 165
355 322
601 603
599 367
460 32
763 432
534 144
430 151
470 422
788 112
386 279
579 310
250 368
115 85
584 130
70 38
396 45
171 63
550 814
70 873
843 433
238 92
336 777
14 4
41 24
596 109
595 805
168 166
506 227
73 62
458 890
20 323
65 149
468 25
34 418
868 166
2 42
354 49
759 689
677 28
106 36
403 273
196 156
234 66
508 526
517 288
222 110
353 685
112 3
557 876
489 414
693 190
637 72
817 295
6 719
657 819
444 388
106 351
784 326
83 240
161 676
92 55
578 140
147 3
169 19
14 33
303 556
301 273
154 464
16 50
232 236
14 304
474 760
221 266
105 723
546 346
14 74
154 567
166 594
40 124
2 671
474 164
549 204
150 367
659 583
603 664
628 42
390 262
407 648
639 629
264 55
111 407
9 17
86 38
602 320
46 116
47 14
249 655
209 187
159 135
552 489
156 288
598 222
6 87
194 15
747 675
451 79
590 111
322 68
190 61
405 424
290 391
250 409
469 768
117 309
8 4
134 12
77 70
12 22
194 363
195 101
511 25
99 339
563 852
869 843
453 423
431 232
78 624
882 888
94 8
90 136
308 40
690 695
863 484
44 57
380 419
114 26
706 678
260 127
482 10
154 282
644 670
131 507
316 406
384 450
151 335
63 140
440 644
49 504
15 151
207 439
471 305
86 313
139 64
522 71
239 118
609 89
821 451
681 533
181 247
337 29
621 348
371 325
412 483
402 656
315 6
746 697
183 91
145 287
529 47
8 89
378 325
50 105
241 40
393 633
192 297
320 197
32 30
565 750
464 684
196 228
19 1
46 433
450 752
757 675
158 606
410 539
17 133
316 307
731 559
148 75
683 253
123 58
279 265
430 466
318 302
49 426
702 673
175 383
276 103
263 401
127 184
657 320
690 215
510 595
223 721
325 577
571 73
357 769
385 855
32 887
181 38
97 498
572 316
881 615
625 878
302 405
29 246
268 377
24 37
692 66
647 105
101 60
22 144
6 575
744 596
497 170
591 610
8 84
810 287
864 584
333 481
570 373
345 537
593 492
627 296
103 14
142 175
290 61
341 362
645 525
798 428
347 109
801 108
157 98
663 313
248 818
106 248
583 785
50 60
573 442
436 386
4 2
12 96
299 15
691 212
629 666
154 758
851 322
34 193
192 278
25 78
14 230
41 162
66 83
284 201
612 634
5 2
292 291
858 233
44 66
91 8
555 856
94 374
461 653
680 672
191 245
108 50
113 32
314 820
119 20
686 434
31 110
354 790
281 608
26 435
722 667
1 3
447 205
399 74
152 104
604 221
601 8
897 519
257 63
491 92
786 889
170 302
170 35
413 729
235 340
398 585
114 143
344 501
160 761
49 146
456 321
216 182
121 77
33 675
105 352
334 699
338 186
372 72
437 448
802 668
527 160
400 443
199 328
23 717
132 105
294 85
112 380
635 629
827 407
192 67
562 273
610 877
41 65
150 59
522 587
786 586
249 167
859 170
126 11
244 139
566 10
191 35
269 749
226 272