1000 9904
158 193
180 313
287 267
418 370
315 998
265 29
817 600
926 202
910 719
137 412
915 183
474 141
627 321
437 636
243 584
962 230
401 572
947 582
530 418
821 161
34 693
200 693
420 718
510 982
829 630
133 175
317 322
285 996
380 142
125 510
169 859
269 242
904 130
907 777
378 195
606 491
442 868
630 509
425 114
60 780
479 336
709 627
981 254
514 611
2 399
17 202
224 301
494 998
575 923
942 378
946 73
643 59
98 262
745 705
176 708
84 981
241 142
841 239
35 267
71 569
878 827
554 533
416 955
376 11
268 131
902 851
159 59
847 206
6 922
633 342
444 563
49 133
603 634
236 572
417 441
92 253
129 109
992 51
115 132
81 884
63 940
745 285
194 525
581 943
893 909
181 305
842 605
974 118
408 83
82 342
175 931
860 361
510 566
257 528
261 395
889 655
764 781
52 433
822 213
717 385
648 664
8 567
685 675
134 171
247 342
817 491
855 23
731 109
273 597
418 406
717 18
420 747
216 390
797 410
503 121
881 265
839 760
650 172
104 254
503 238
930 428
402 21
740 43
57 858
360 919
237 463
886 964
598 72
429 505
303 164
964 802
640 616
454 848
716 131
528 905
680 724
808 425
835 676
598 865
948 461
911 763
98 456
134 928
416 581
295 907
45 736
943 187
226 825
917 604
426 985
44 536
101 729
615 139
179 983
366 727
810 671
571 912
7 309
300 833
136 930
782 537
311 67
334 480
136 817
656 440
162 273
254 155
720 779
334 19
340 928
513 370
649 210
989 333
907 38
741 333
564 714
301 988
252 142
825 802
418 216
850 823
104 941
877 526
154 547
73 918
57 505
419 766
670 101
319 921
751 122
366 476
591 749
316 753
851 848
123 249
360 213
136 780
365 92
925 635
356 353
303 346
783 44
181 890
455 111
661 576
96 814
406 593
354 286
782 236
109 232
809 818
60 492
482 442
691 408
854 194
624 767
74 272
827 693
592 349
957 203
960 721
777 317
526 96
903 866
822 890
416 754
952 932
348 757
888 546
705 188
317 846
778 800
767 298
736 598
511 232
573 125
520 887
153 882
248 304
980 97
446 977
305 927
1 422
74 212
511 377
115 512
520 966
207 80
45 853
619 112
656 134
275 816
112 510
999 101
802 547
955 3
115 862
724 381
376 178
567 150
658 718
326 608
816 218
232 401
545 518
927 254
182 35
149 154
812 174
821 331
927 143
803 437
129 198
281 387
604 191
971 740
238 485
4 613
332 858
940 153
467 965
275 679
645 547
976 205
246 547
443 887
749 216
668 418
885 932
523 353
7 528
484 835
692 296
358 876
878 23
536 212
593 485
702 193
119 113
378 317
670 910
697 455
916 679
189 355
464 686
49 784
769 963
21 886
327 647
535 641
520 422
351 800
958 280
66 944
819 242
583 117
655 280
368 168
645 338
79 682
435 358
725 228
429 999
587 207
996 118
303 693
45 872
37 371
130 439
296 947
484 930
946 53
547 506
808 46
644 700
672 557
3 349
743 55
818 330
802 583
963 488
728 611
181 427
850 74
211 764
943 695
968 1
586 976
860 23
805 690
662 261
412 883
286 121
918 610
741 389
335 724
413 106
135 684
368 987
384 912
312 498
483 506
338 94
316 714
389 18
851 667
798 696
251 999
806 429
963 834
964 553
656 874
769 525
365 36
369 33
698 910
416 126
473 67
66 242
838 636
895 613
109 176
519 531
597 235
766 786
52 816
268 597
592 293
722 920
321 849
554 865
870 655
92 523
214 676
954 314
710 857
357 697
502 434
766 607
912 186
658 850
219 648
36 962
249 503
421 648
685 427
728 946
84 538
914 635
364 454
438 837
554 530
461 732
391 177
876 425
789 494
426 772
231 775
186 132
440 518
427 754
690 308
916 386
436 588
698 795
550 776
872 522
284 904
675 41
99 923
614 46
908 616
68 902
589 356
3 885
150 740
80 396
471 440
788 110
474 255
313 187
869 470
835 218
69 994
177 996
492 627
324 605
643 815
551 142
130 870
510 864
665 575
75 236
155 729
712 510
968 584
623 264
494 468
525 573
1000 313
838 969
422 160
136 9
670 458
221 634
974 91
377 292
308 702
827 646
29 479
313 736
153 635
886 231
448 961
69 439
863 221
41 174
528 362
705 215
616 534
397 209
291 850
952 632
919 76
172 142
503 883
435 467
183 881
11 672
758 466
540 129
607 510
137 794
210 960
84 857
620 891
269 761
163 74
581 997
375 876
941 199
16 792
390 486
165 545
924 349
444 839
600 533
105 89
203 708
275 723
572 587
902 476
741 332
45 659
337 126
210 260
785 1
48 275
190 429
335 652
694 973
388 880
262 857
821 454
474 211
166 568
375 797
835 182
160 878
802 277
750 71
273 705
271 74
160 978
419 991
132 268
977 857
27 510
785 191
469 879
184 211
248 774
801 324
913 386
272 928
869 573
32 118
655 406
687 149
92 830
56 380
8 255
616 340
947 972
969 516
1 874
53 593
350 13
316 165
724 282
542 71
515 769
218 643
991 268
867 306
254 887
468 207
261 709
514 475
142 392
681 442
810 606
193 773
27 856
129 615
433 161
790 231
774 792
940 560
406 252
304 338
432 359
822 564
842 222
736 437
850 325
267 439
451 402
513 435
624 410
989 142
693 138
983 976
31 39
129 538
456 75
936 949
858 618
430 579
586 957
275 638
868 519
846 546
543 571
693 604
806 262
665 443
82 287
301 575
566 117
215 25
493 343
556 59
349 979
426 272
321 494
619 10
569 320
792 161
78 386
371 692
387 346
622 319
551 193
823 636
464 385
411 650
123 4
19 65
40 619
35 998
829 705
920 547
209 620
655 69
551 470
697 311
256 699
530 281
537 278
943 318
406 348
62 466
359 276
87 869
257 748
991 467
904 853
135 647
35 563
640 895
571 709
737 701
939 717
164 228
259 200
813 657
580 684
532 923
239 529
495 635
576 27
338 194
525 110
213 642
572 975
990 458
6 557
374 959
712 730
196 331
417 546
235 487
241 870
737 121
846 261
956 477
171 639
742 490
177 418
841 907
806 919
880 623
358 348
116 145
941 416
106 491
453 582
975 705
903 100
894 275
343 123
915 618
258 967
557 225
280 179
299 241
137 750
484 179
68 818
587 866
806 704
298 827
427 85
512 413
293 612
590 202
95 680
423 225
542 105
216 591
640 497
683 53
995 487
526 541
910 380
647 551
119 84
790 769
57 899
556 611
139 945
178 921
126 803
240 162
477 651
264 593
649 208
601 239
38 452
425 897
133 464
62 462
246 123
321 848
278 374
933 121
758 454
241 470
796 807
948 410
957 468
830 578
227 747
304 572
875 183
468 263
843 469
455 523
776 410
217 570
28 639
488 696
710 7
853 429
904 574
227 969
727 704
841 69
509 207
524 78
266 938
318 375
736 236
689 26
266 829
249 611
713 236
346 463
571 26
719 898
975 308
637 277
12 408
803 511
953 462
901 534
615 322
295 152
703 751
816 961
998 473
587 782
384 893
370 949
698 348
720 252
557 487
601 527
17 590
329 844
146 362
275 114
665 574
260 486
831 105
869 294
393 195
164 666
169 804
298 192
706 197
464 728
907 934
30 539
952 61
511 690
454 646
173 869
393 445
89 110
587 475
971 120
810 182
207 570
355 239
453 170
325 971
678 65
489 607
350 22
278 339
265 878
715 460
734 440
532 893
442 459
518 824
871 342
981 498
749 630
148 665
205 920
222 782
101 711
671 719
735 751
396 415
149 817
97 96
888 341
979 126
504 94
503 912
235 286
628 287
314 995
940 415
353 847
429 498
270 910
997 767
430 548
896 376
110 568
419 107
812 196
685 82
427 878
947 503
306 673
37 991
495 119
284 540
716 438
993 618
480 515
890 774
413 276
301 619
251 832
432 998
132 495
688 183
817 533
512 69
327 434
42 508
598 269
157 249
579 47
800 704
90 480
308 95
809 534
172 766
247 90
860 691
419 943
630 537
851 944
375 438
748 940
735 182
113 227
13 927
791 721
95 164
333 879
464 994
911 680
952 823
202 186
57 661
701 196
832 285
305 691
782 959
396 206
201 866
577 999
938 665
192 107
203 113
675 582
511 234
295 937
289 434
248 306
502 507
430 132
1 420
555 906
827 865
455 864
695 51
444 407
118 570
283 531
785 437
591 105
314 903
27 534
270 827
948 918
976 643
64 529
739 269
513 348
508 288
769 202
254 772
662 383
371 1000
903 3
7 78
410 692
51 998
343 86
129 196
516 976
797 653
543 441
15 752
272 716
439 592
20 963
686 595
578 655
872 496
750 497
364 596
772 755
954 762
170 173
355 875
228 507
587 564
790 907
672 108
904 282
759 274
29 359
730 20
179 262
622 30
761 762
959 845
818 595
781 605
882 536
30 595
803 444
900 125
596 556
227 387
730 310
826 773
373 998
725 113
619 530
529 302
584 815
859 955
640 961
790 567
903 876
64 147
200 236
211 546
286 810
71 304
904 943
924 664
260 897
946 160
451 706
987 820
291 877
457 117
45 806
391 318
377 174
344 235
325 54
827 796
607 190
793 668
65 690
460 975
301 938
710 939
641 592
822 251
656 115
609 53
901 799
421 837
685 248
281 210
828 214
306 519
11 497
954 235
963 108
84 624
286 236
54 88
936 545
85 830
360 339
604 238
72 423
702 679
225 671
45 396
746 299
72 310
842 774
994 865
367 225
777 989
81 440
210 694
636 302
103 747
694 906
623 16
293 611
646 41
595 563
569 460
553 951
328 638
602 992
158 486
198 563
973 551
57 785
699 718
562 782
69 814
506 392
472 792
548 953
808 658
657 464
467 543
696 39
238 946
259 363
84 284
265 734
971 550
550 17
952 756
237 266
735 31
740 743
374 429
1000 524
857 901
821 610
149 724
165 974
807 531
459 737
478 159
27 997
411 322
417 897
70 965
594 707
166 488
210 696
743 486
875 182
508 821
895 187
110 993
843 468
948 699
990 133
780 410
429 235
747 112
202 295
855 168
538 189
305 54
822 765
720 915
856 907
462 252
173 119
600 285
460 155
180 821
816 277
708 259
379 671
620 567
414 498
162 379
35 851
223 774
738 550
187 510
408 39
873 469
141 763
609 307
239 232
816 115
674 369
508 223
609 684
568 910
756 309
496 900
74 533
229 147
397 839
768 101
660 179
221 834
354 676
815 785
501 535
358 968
751 99
698 349
594 687
840 489
824 299
55 985
556 802
830 449
557 631
137 116
731 268
34 724
273 884
401 319
59 56
443 189
21 970
170 500
981 972
910 456
327 78
700 932
668 138
961 432
854 165
89 109
677 479
494 564
596 612
276 719
355 238
398 16
502 67
19 455
437 988
294 895
101 915
407 52
458 263
804 696
326 44
862 114
761 381
421 871
834 499
69 326
362 464
970 730
805 210
490 735
790 366
795 452
245 5
525 211
446 868
417 798
783 687
348 818
151 273
944 521
357 556
68 401
680 19
807 774
853 536
31 188
658 598
402 237
24 646
665 523
353 846
562 186
158 817
344 695
92 45
828 729
210 224
638 224
31 466
242 721
314 194
647 132
716 845
922 389
617 811
634 907
808 502
837 278
865 943
75 41
63 850
720 443
77 114
100 469
119 475
121 790
731 221
234 543
406 691
534 632
95 594
295 12
699 156
263 562
622 289
61 591
298 899
446 592
191 220
639 998
752 714
111 405
846 984
192 561
372 935
781 679
195 678
967 828
215 699
596 521
706 89
13 799
621 74
696 223
623 524
700 575
900 41
506 162
201 656
794 718
113 460
245 199
286 795
767 326
622 703
917 923
990 35
439 299
294 746
278 239
904 778
120 655
947 236
233 936
169 364
903 553
995 728
746 606
287 260
35 375
309 892
441 16
735 666
667 874
939 897
724 105
653 147
451 519
899 303
594 941
408 466
568 836
932 429
419 242
115 803
685 147
172 490
245 684
998 90
12 323
269 620
370 431
599 546
676 825
492 990
788 339
770 290
10 255
451 67
966 934
418 136
807 486
650 303
120 408
599 768
780 128
594 384
280 200
228 134
914 416
911 309
586 748
76 338
181 953
111 312
403 115
207 953
617 323
857 492
181 810
31 938
650 16
901 33
668 300
691 629
229 542
912 774
532 259
540 790
473 149
221 527
994 369
647 995
781 429
416 819
517 499
105 947
930 804
308 624
184 446
938 747
109 636
809 94
670 845
965 835
107 103
2 201
559 369
559 479
525 27
433 195
952 673
295 733
795 317
84 781
451 483
926 592
345 917
275 958
426 702
963 493
763 975
38 147
452 110
666 838
606 651
789 169
205 274
79 265
544 700
72 786
720 613
457 513
81 157
723 282
335 544
506 866
385 349
133 727
704 701
214 120
466 608
142 607
84 892
211 844
5 104
860 423
932 788
735 462
151 644
833 597
225 888
786 882
734 44
868 121
150 936
198 560
697 119
536 819
155 367
284 9
485 664
986 159
401 227
296 455
223 20
902 625
914 35
695 938
866 360
958 424
175 70
456 924
53 614
899 794
256 776
791 792
8 185
763 321
356 745
231 495
101 551
5 532
686 186
586 349
166 78
877 458
473 572
97 64
593 787
540 318
615 730
961 791
49 765
526 377
280 851
469 552
899 73
404 617
855 955
324 31
231 34
914 630
610 425
500 1
961 561
193 687
12 37
568 909
642 108
550 557
477 367
281 60
617 881
14 862
767 976
206 198
266 247
798 394
67 668
915 427
547 90
409 785
727 401
418 65
972 536
920 131
849 355
542 798
196 222
324 299
381 326
898 582
827 340
797 372
449 750
38 632
629 721
229 227
160 982
988 624
789 641
133 395
171 182
216 106
393 112
621 690
983 335
971 399
497 4
523 426
583 762
216 476
143 437
39 324
186 904
753 504
670 446
468 754
913 159
146 10
682 104
421 132
302 311
963 577
251 339
740 645
481 746
363 266
454 231
307 415
616 394
412 751
285 663
936 497
576 776
541 582
246 244
601 491
481 37
832 334
314 655
605 341
409 601
129 306
352 421
44 427
281 111
762 368
952 946
240 618
116 53
945 1
646 956
594 232
187 194
888 53
928 988
334 530
197 997
77 271
996 571
184 705
181 273
552 667
826 102
383 863
45 322
48 490
368 919
794 619
341 972
971 589
976 229
133 944
501 790
267 566
626 157
954 740
648 519
650 253
320 712
750 74
878 127
274 153
156 149
35 988
208 812
9 941
947 819
402 132
811 352
792 414
622 866
553 313
436 475
922 622
406 695
457 381
212 924
351 857
83 663
982 725
678 242
988 520
424 1
619 854
454 493
690 183
175 461
141 237
606 995
3 212
871 453
249 846
838 150
288 798
842 221
571 265
384 477
600 130
318 890
240 278
926 629
170 136
785 427
969 214
607 620
24 739
741 570
728 651
73 378
918 888
975 377
387 992
7 59
708 324
349 29
395 477
931 255
290 237
698 222
607 770
298 544
101 189
256 84
958 535
689 258
160 560
824 535
253 323
241 443
96 386
224 695
229 170
983 17
452 463
293 589
919 777
685 743
337 889
410 967
160 798
108 572
96 736
632 530
688 292
359 845
216 485
458 622
836 962
354 335
464 275
897 879
564 238
506 370
179 264
750 209
710 815
482 491
730 133
749 103
346 650
934 59
757 620
344 724
191 398
136 452
744 889
326 331
532 610
147 708
902 692
502 136
246 380
948 274
734 487
249 456
377 591
226 198
248 626
329 841
991 365
559 105
687 36
196 513
303 815
839 809
770 848
457 123
865 342
260 530
597 791
66 705
309 863
370 671
187 447
261 988
813 287
705 446
413 689
516 626
334 429
997 595
846 723
853 991
103 208
822 646
699 457
718 471
701 539
779 369
928 917
729 722
72 203
989 256
148 288
577 902
11 88
715 816
759 799
371 966
872 673
357 39
384 997
765 27
289 952
254 512
369 362
332 890
258 885
820 734
11 407
927 909
933 704
442 816
128 361
902 197
445 934
953 115
898 820
973 336
336 155
673 124
824 128
271 143
482 284
820 116
346 767
611 297
994 675
516 464
476 721
339 847
117 673
118 154
728 378
302 461
786 102
952 770
866 216
459 786
341 293
156 786
882 558
434 76
123 834
277 738
652 466
66 515
623 691
970 253
130 484
131 69
923 161
801 845
72 555
581 342
688 301
344 959
308 794
993 22
222 928
207 20
317 596
839 563
129 326
926 589
818 362
839 704
516 741
296 576
780 178
966 717
629 781
133 552
832 545
495 268
157 434
347 44
186 482
560 155
667 657
318 767
366 77
529 656
125 239
627 149
367 150
63 137
641 239
381 310
254 572
983 473
734 833
111 258
123 208
74 948
293 662
93 139
959 161
342 681
621 322
358 808
554 269
459 67
668 277
622 980
949 364
381 890
421 131
99 57
394 845
89 115
236 134
915 293
809 874
60 436
922 523
902 749
377 168
969 620
622 822
221 743
478 238
575 708
64 174
706 277
193 334
130 345
278 193
460 732
171 891
840 878
197 287
884 639
294 607
748 414
197 416
558 875
211 124
32 665
469 700
245 293
709 406
837 97
252 66
755 744
239 443
704 314
353 844
559 756
743 123
55 85
7 470
447 287
667 716
745 252
103 510
305 387
916 229
148 79
498 436
211 553
450 307
641 90
220 681
295 185
869 20
686 570
676 628
474 44
105 554
974 369
8 728
636 336
86 881
200 532
918 219
55 910
829 983
760 556
273 854
925 36
359 808
216 522
930 346
470 387
759 477
755 758
21 635
575 36
686 903
910 315
142 929
74 571
767 965
973 489
223 222
740 500
616 186
587 363
570 535
455 507
421 167
212 284
41 277
697 648
900 43
647 782
356 723
13 878
821 567
648 467
492 641
721 624
550 430
543 236
476 447
442 115
303 778
127 118
457 94
130 428
439 346
810 602
683 728
667 255
62 743
801 885
549 255
279 354
407 681
671 684
230 468
323 562
514 249
942 145
84 889
802 572
556 499
822 298
28 4
768 658
903 124
300 471
963 273
410 691
655 751
324 477
197 617
989 477
573 798
279 919
967 734
966 823
396 538
794 588
484 106
730 846
100 203
345 484
822 150
271 916
608 302
243 453
981 575
474 179
966 593
76 163
837 844
949 386
901 47
761 782
133 181
86 127
258 560
977 970
356 401
985 455
329 619
386 738
152 960
449 130
360 611
204 940
153 646
904 970
320 145
969 548
622 750
5 574
735 956
946 204
948 386
848 758
404 492
871 266
391 843
1000 817
819 407
657 16
896 840
753 687
993 408
204 737
836 562
451 596
288 335
770 192
843 442
633 98
945 366
654 630
898 60
992 207
115 912
776 704
483 980
690 442
270 986
966 343
223 926
41 678
140 814
475 153
115 174
616 630
508 327
200 144
63 775
814 709
770 912
584 246
533 35
826 31
440 334
917 196
295 240
889 757
376 544
379 323
108 771
876 917
113 659
24 188
388 933
560 478
389 396
802 119
626 851
340 443
94 709
554 948
820 855
349 216
496 692
441 838
163 322
194 852
337 757
51 387
17 759
604 557
912 868
942 439
713 995
317 461
959 48
469 355
967 36
291 607
436 412
420 825
26 400
298 413
282 774
155 60
766 870
105 941
576 814
247 579
731 798
606 158
895 24
459 627
297 364
740 960
496 414
508 816
843 457
175 406
478 444
64 400
687 168
301 413
429 232
931 890
515 123
641 290
325 329
733 92
591 34
791 444
975 387
462 114
201 452
771 560
584 653
814 886
232 494
784 325
417 300
346 378
509 926
772 882
457 547
684 422
176 149
177 684
569 674
712 669
754 69
793 298
337 934
820 533
350 700
752 850
919 816
77 941
722 418
607 512
804 776
263 600
268 838
751 989
593 407
613 988
9 38
773 44
706 193
356 474
468 764
866 411
4 126
612 235
961 437
799 957
503 266
585 754
454 229
459 817
341 756
154 289
601 120
31 613
801 526
217 327
606 235
97 809
739 454
98 450
500 466
303 757
790 783
800 322
343 269
718 848
166 523
5 903
563 933
781 38
838 25
787 868
606 5
843 501
383 436
205 916
277 263
656 144
875 36
123 859
163 480
809 438
296 799
262 500
990 710
728 770
158 677
235 274
552 464
663 292
561 358
317 744
46 286
604 284
435 869
148 362
436 603
63 633
279 684
712 869
430 552
489 44
695 100
698 824
132 806
395 256
440 663
115 156
759 966
696 584
128 52
488 788
920 16
613 141
284 655
927 951
531 630
205 309
332 131
24 244
119 325
191 72
319 903
140 505
18 494
204 453
170 181
164 811
990 603
483 23
708 964
341 157
342 206
273 853
331 91
39 362
1000 282
765 518
752 427
750 170
679 346
442 951
963 244
96 915
833 986
636 789
484 538
359 670
969 958
757 519
406 693
613 547
145 61
662 634
370 143
942 730
725 202
287 483
14 297
664 183
321 653
250 285
236 280
645 538
334 693
409 226
641 991
749 598
880 779
107 218
124 840
567 974
714 398
515 179
440 887
742 368
615 962
871 84
876 494
400 841
898 200
991 975
104 563
34 258
931 16
514 24
300 280
883 299
245 602
413 894
898 490
292 557
153 289
729 918
417 212
381 155
308 36
133 752
704 596
372 450
599 797
376 517
216 858
342 302
768 945
765 487
276 136
149 390
560 51
100 500
693 377
731 58
800 625
266 309
251 977
843 565
132 350
81 370
209 325
742 617
865 347
378 468
750 100
734 937
469 555
185 300
494 294
254 307
338 966
579 156
262 600
489 870
844 40
277 921
459 10
194 469
88 848
235 739
402 230
887 507
514 743
643 409
903 987
833 59
246 16
191 689
783 349
883 941
773 663
799 423
725 238
336 833
726 665
786 290
515 864
604 109
819 285
59 428
300 594
546 918
183 775
421 670
596 236
283 725
212 245
468 351
532 958
957 685
746 704
140 969
282 404
932 125
520 631
978 495
513 402
586 248
969 240
149 998
82 75
571 518
309 736
20 885
992 46
132 879
224 920
615 196
672 880
860 237
163 723
292 577
977 335
940 85
963 268
464 920
627 187
223 716
423 446
831 269
580 3
673 935
17 827
683 266
928 595
837 525
479 884
775 331
962 334
327 320
664 558
497 29
816 663
527 331
911 40
554 279
60 588
635 192
872 142
584 514
434 409
274 110
665 839
354 192
154 784
359 793
357 823
174 670
965 625
982 305
344 69
971 32
645 303
575 674
604 280
875 396
363 176
58 814
956 971
903 844
193 273
925 960
505 39
822 804
420 24
795 508
500 366
598 483
1000 424
810 531
794 188
631 617
610 256
749 542
755 609
6 627
886 345
852 473
512 788
736 370
83 141
371 74
219 989
845 513
572 863
336 543
903 161
113 167
747 291
272 475
55 480
81 877
891 471
893 902
599 420
824 755
117 695
254 832
55 273
702 756
813 197
872 671
484 205
67 447
654 911
968 178
453 694
384 963
764 772
910 912
414 803
382 334
916 33
683 374
451 137
636 334
911 366
937 25
350 66
777 846
33 206
855 382
294 183
322 164
910 349
209 770
532 343
716 468
644 393
132 165
445 170
228 270
977 433
982 115
77 543
795 924
249 394
960 716
839 60
680 731
753 955
936 357
130 676
222 70
740 647
409 491
450 597
437 841
334 559
744 593
212 79
766 530
433 302
788 511
127 92
681 195
527 882
444 114
11 585
601 281
141 198
733 364
745 91
28 205
499 650
295 153
630 184
36 831
175 411
947 434
555 933
918 113
885 194
345 815
64 364
984 685
141 424
788 613
311 88
512 623
795 830
771 926
409 833
715 916
876 681
932 363
461 941
484 274
266 173
767 593
953 493
147 418
681 830
2 305
944 216
998 367
323 37
987 218
936 652
497 874
977 32
561 801
564 576
323 178
142 538
159 138
356 10
964 329
432 618
750 478
296 979
117 803
158 552
781 850
696 790
159 894
58 454
147 94
683 112
467 765
967 939
820 191
57 845
833 316
47 878
543 917
32 29
14 157
825 336
437 538
648 247
348 802
563 411
795 530
49 894
543 826
13 795
269 369
204 420
952 845
478 57
575 661
65 500
511 947
682 365
512 50
407 84
287 482
148 868
644 929
404 718
666 665
801 666
197 497
568 763
952 538
297 427
248 311
107 12
382 134
802 715
735 445
341 808
903 459
50 823
823 144
186 215
538 96
889 780
448 582
289 710
417 393
145 922
989 313
439 792
386 388
760 31
727 485
770 318
366 839
181 370
864 282
383 892
927 773
172 758
509 822
369 42
851 535
800 515
929 225
832 824
863 552
609 252
828 829
372 97
6 417
67 149
968 936
327 351
807 81
220 941
226 558
9 236
467 808
564 378
468 599
360 824
329 783
424 533
460 211
27 464
523 503
216 407
381 847
865 830
518 302
665 874
193 121
268 621
217 115
625 94
522 780
99 115
563 288
247 859
928 99
635 141
33 426
805 291
869 940
728 643
904 154
605 726
148 905
536 663
611 125
891 733
306 109
587 196
329 212
598 20
847 702
234 986
351 975
186 892
781 28
417 873
839 810
914 511
607 286
19 737
258 123
403 894
596 237
192 753
687 150
321 537
909 184
455 946
131 776
903 539
857 616
235 332
129 383
40 334
149 884
872 887
45 963
706 799
498 516
556 465
222 741
505 567
508 466
219 865
36 361
662 173
613 761
439 892
333 217
443 377
653 486
747 471
756 431
618 72
589 463
379 468
647 89
53 997
102 760
760 648
212 803
584 470
65 345
915 846
699 999
835 231
588 277
932 871
946 731
51 389
342 132
18 326
119 82
321 159
583 675
160 27
640 277
151 983
78 813
669 918
700 524
166 176
268 645
856 894
351 252
840 919
468 952
930 725
679 498
826 802
131 168
630 356
868 441
709 635
372 181
819 215
527 782
820 260
967 439
882 589
791 901
170 593
444 16
616 545
304 675
2 557
921 532
740 962
636 659
93 232
849 778
186 324
65 285
577 315
233 509
607 989
36 88
793 835
794 44
667 854
335 204
49 467
31 199
931 973
36 175
795 85
650 943
190 419
651 506
874 129
656 84
20 667
96 1
150 290
448 654
983 918
880 641
845 913
385 147
836 212
910 887
270 726
911 619
773 555
945 852
358 739
473 539
695 288
509 781
901 673
538 749
812 508
155 978
428 501
780 610
589 238
792 112
195 403
52 296
21 755
302 816
393 116
583 609
584 321
983 331
937 631
129 594
829 545
702 305
540 692
668 481
584 720
588 136
385 889
99 429
562 815
35 949
365 146
26 720
869 514
982 483
271 386
67 997
421 482
193 546
468 67
70 907
911 707
253 36
627 782
701 43
66 610
141 116
344 832
752 77
588 675
292 480
884 634
888 637
210 665
118 822
939 108
710 202
359 56
680 905
790 210
866 844
758 198
747 83
685 281
391 146
33 978
196 378
867 582
932 438
917 326
934 748
663 294
166 890
228 683
174 337
931 118
749 803
438 90
499 88
707 543
690 723
31 473
418 14
239 154
793 234
201 143
506 823
747 415
966 959
589 432
293 883
441 192
759 960
464 239
410 717
876 840
772 999
87 52
772 630
510 677
223 404
601 764
379 250
217 715
536 81
848 419
635 198
627 731
485 506
345 175
365 84
26 786
578 327
209 488
617 507
449 409
857 260
704 294
198 636
958 10
541 226
726 38
838 556
56 404
166 105
215 637
377 724
133 368
173 835
429 729
360 522
36 589
329 477
919 282
99 167
338 661
264 368
545 961
675 878
1 867
536 700
297 136
245 194
286 796
996 652
514 547
1 668
865 477
765 258
886 117
580 800
305 774
857 881
35 493
456 694
211 172
785 141
399 965
588 598
6 681
64 474
124 842
624 258
684 548
810 891
453 69
876 488
70 435
110 764
715 554
702 960
870 138
600 474
246 491
898 377
974 148
944 487
72 34
825 612
823 945
314 227
922 482
137 618
160 709
380 755
863 885
55 344
59 669
152 105
907 459
11 286
342 300
621 596
252 25
630 802
497 230
357 226
229 807
157 10
769 648
399 125
664 482
925 5
360 825
53 250
310 731
994 552
156 822
215 602
296 464
758 705
482 487
790 751
896 203
190 799
354 872
765 187
807 660
95 134
99 195
762 897
389 523
66 904
240 923
829 45
960 420
635 354
691 453
179 200
225 651
628 921
757 827
740 559
500 276
788 841
398 533
183 769
757 172
79 976
27 829
763 631
156 607
69 170
987 699
331 739
405 360
351 748
580 570
338 189
983 687
303 521
788 943
20 529
735 522
866 743
288 957
636 546
177 74
698 924
400 695
772 965
758 552
562 362
915 661
590 785
349 765
975 345
229 391
709 141
515 476
148 147
527 920
983 675
604 228
185 146
883 39
663 957
924 739
906 82
478 301
822 198
733 569
225 799
58 957
622 341
267 997
589 90
229 859
158 345
803 516
518 489
134 486
115 619
200 702
935 144
727 500
61 739
459 557
194 388
808 664
169 834
653 560
511 175
639 667
821 842
843 910
881 215
536 982
259 337
273 462
425 906
467 259
195 784
161 896
933 98
790 469
203 269
39 995
944 773
304 676
304 563
754 413
73 250
59 315
850 482
11 700
491 819
269 892
254 394
149 806
206 297
867 593
196 263
197 234
706 921
73 468
737 45
700 151
278 869
172 280
28 788
505 609
783 996
145 976
55 77
93 826
186 140
558 412
525 365
547 141
332 549
629 777
975 317
279 762
46 739
964 34
380 825
213 316
492 803
788 272
863 828
629 954
136 199
409 645
263 294
328 851
389 348
11 294
220 624
722 270
372 683
655 966
488 424
125 973
185 392
574 658
214 13
715 519
829 208
750 34
915 75
754 97
792 446
228 264
960 607
273 904
39 673
207 515
27 185
66 833
433 578
624 859
937 247
681 164
647 587
695 43
819 50
730 411
130 341
38 362
4 302
334 557
10 943
62 636
28 436
467 140
144 153
363 47
736 579
755 867
978 512
781 35
793 405
396 188
672 178
280 536
558 879
923 318
983 742
839 898
590 572
392 961
664 557
771 883
349 259
617 755
767 893
110 592
864 436
22 282
300 88
275 618
71 47
483 719
998 146
875 613
987 175
147 420
663 628
464 224
198 945
694 42
676 737
660 238
988 819
702 609
168 792
99 524
980 602
285 127
893 138
252 246
977 183
973 301
837 963
307 584
310 589
764 8
312 454
276 580
239 245
86 87
605 760
307 870
700 983
972 76
921 998
170 466
282 552
962 86
873 529
288 137
882 801
540 959
759 37
88 998
711 198
74 281
146 250
294 770
1000 571
621 213
434 129
970 351
390 868
372 821
317 212
505 108
782 902
16 289
749 305
390 242
878 559
420 195
305 773
16 432
35 492
862 483
75 927
847 341
989 517
338 327
891 529
766 671
748 510
641 988
92 378
553 248
204 597
887 965
54 698
145 638
609 177
794 101
617 606
979 35
228 201
987 636
128 983
772 340
775 783
814 979
486 128
604 483
404 243
98 920
984 937
220 363
793 496
547 978
968 125
733 931
37 179
635 765
449 568
566 77
362 551
926 69
413 14
933 727
492 521
54 256
8 760
873 834
926 212
441 814
946 821
177 804
472 916
489 986
716 399
826 443
994 553
232 589
190 34
484 731
268 920
15 189
242 405
43 844
523 582
692 87
30 602
71 122
238 921
442 854
649 188
982 944
467 505
52 805
813 854
578 253
541 487
504 626
947 48
201 694
537 812
340 302
972 421
95 278
692 571
924 256
672 489
857 803
966 143
344 138
930 913
787 520
543 656
794 234
122 259
411 731
233 489
53 863
738 217
688 307
275 83
568 520
36 38
2 114
993 13
709 473
551 133
343 719
367 48
763 852
408 393
72 865
328 203
755 676
112 610
955 38
741 601
392 872
410 497
763 965
124 589
713 248
977 307
119 714
335 953
907 8
927 197
784 349
950 110
272 513
185 800
314 132
153 258
941 297
599 845
656 679
989 573
827 334
474 885
979 635
945 703
177 533
876 913
773 385
647 488
890 825
483 485
467 1000
393 973
766 685
898 18
973 250
117 872
548 12
873 830
90 48
128 285
756 621
207 923
946 729
527 340
730 64
44 15
152 781
167 357
575 120
482 281
768 476
407 596
627 617
919 639
385 908
152 945
448 280
752 502
843 897
681 103
875 496
921 979
696 157
26 412
528 566
855 687
678 172
455 733
835 840
773 648
895 211
53 770
494 584
386 919
118 808
247 716
328 442
364 424
171 804
723 787
409 223
176 766
576 127
785 334
631 539
67 612
802 753
620 776
274 866
168 481
280 731
499 465
281 6
192 487
231 830
951 1
901 892
349 687
352 253
261 733
429 279
858 699
935 525
479 657
426 559
633 461
197 924
381 239
533 210
756 397
115 63
872 642
197 480
871 972
660 203
132 620
793 302
262 987
444 922
194 805
747 723
141 982
627 9
169 737
276 835
973 705
618 332
447 186
608 114
731 103
453 981
935 81
369 410
75 253
150 991
735 420
517 881
276 929
320 529
178 595
345 194
276 528
251 505
359 993
144 734
511 698
304 729
424 408
817 941
192 617
237 342
500 419
481 748
647 801
299 959
818 741
875 476
532 551
995 967
64 163
246 95
526 57
86 500
486 714
883 870
417 1000
666 640
135 711
767 312
257 605
629 263
645 546
101 894
727 926
178 505
804 389
790 208
794 159
415 117
386 972
187 506
6 594
335 162
799 275
33 976
234 51
291 8
755 751
916 108
79 169
779 303
118 577
637 751
267 19
414 326
520 641
853 771
914 905
898 258
58 103
333 159
798 379
86 569
945 886
416 388
676 738
262 967
898 713
29 968
846 769
116 614
531 747
953 61
742 577
319 784
929 36
159 891
645 513
943 833
137 153
17 691
414 591
697 433
825 228
916 661
296 502
848 195
26 643
184 245
282 553
870 976
856 718
530 371
839 511
569 239
810 3
132 43
83 959
304 944
29 445
783 212
71 38
530 557
244 746
479 269
130 647
297 142
154 257
377 440
59 388
792 855
481 490
447 789
430 29
108 542
222 835
80 808
559 448
942 440
415 472
992 841
106 875
211 31
283 634
805 977
537 659
115 955
426 818
513 394
586 192
810 776
415 143
791 480
654 808
90 537
767 993
860 5
163 847
130 814
737 310
595 848
67 491
859 839
676 695
897 166
534 317
449 836
6 122
943 935
927 482
128 20
807 364
650 441
669 331
855 96
555 118
363 878
74 791
569 104
30 302
986 96
149 693
609 975
196 325
984 312
143 122
462 864
275 178
938 158
498 921
463 729
924 861
670 361
215 596
860 879
365 199
810 84
597 442
765 550
87 542
471 959
899 918
369 797
42 141
266 842
504 516
526 219
142 160
456 871
503 363
825 482
43 621
652 597
982 664
631 867
701 551
320 5
710 374
992 631
866 16
558 970
995 876
942 357
830 333
841 374
749 677
494 381
921 430
784 914
912 231
221 125
885 22
481 208
780 422
432 316
144 384
54 647
115 919
405 487
813 426
466 23
432 395
287 7
681 712
405 72
633 327
393 560
34 290
429 708
319 263
897 981
582 395
586 966
660 321
953 441
519 510
480 741
634 970
102 876
492 840
733 902
682 680
510 513
665 414
168 834
119 491
67 84
570 37
864 970
349 782
707 132
85 536
86 835
656 582
293 619
388 817
32 267
416 170
289 156
878 78
842 992
347 386
940 405
686 849
217 946
791 785
720 55
646 323
463 701
65 230
318 144
485 641
911 933
237 480
421 233
186 878
743 858
959 873
302 612
661 907
344 474
752 503
625 127
436 490
972 228
442 875
577 252
149 241
164 476
660 569
810 362
465 814
400 186
917 875
773 759
300 675
445 326
430 490
93 372
865 283
545 745
729 372
532 977
903 622
121 228
999 193
931 865
394 149
865 229
168 339
760 269
173 222
528 499
277 567
311 112
349 317
757 416
6 518
27 569
840 308
128 912
205 350
296 582
922 262
194 657
374 771
534 411
936 630
632 37
371 59
797 555
101 366
505 833
254 836
177 601
944 48
963 236
195 118
414 148
662 430
680 998
945 742
696 544
270 503
185 29
941 558
356 18
263 454
87 130
604 1000
315 799
527 314
436 57
901 465
602 104
852 44
535 908
976 429
623 46
739 360
856 248
496 194
539 486
61 886
853 138
303 169
820 453
539 129
443 570
759 240
976 711
752 354
113 472
226 25
582 876
834 344
821 44
820 283
44 749
870 673
249 927
209 990
606 127
795 560
648 283
406 127
136 591
720 177
932 211
880 228
398 723
757 98
595 379
98 720
524 773
359 138
720 984
633 29
82 237
503 973
604 362
828 495
440 975
165 558
746 711
956 303
733 187
291 408
300 90
564 959
508 277
407 748
951 149
171 719
188 743
788 310
721 893
884 223
730 709
165 623
677 986
72 487
812 483
336 428
181 60
350 669
373 550
636 366
820 869
769 673
646 233
316 644
523 382
618 560
782 473
786 996
324 955
678 734
221 769
368 763
250 633
526 930
178 628
416 65
890 451
800 935
541 144
29 444
105 846
967 90
515 621
896 538
248 750
931 574
818 646
964 920
1 864
455 279
886 217
905 462
669 637
174 837
550 416
466 383
50 126
92 709
123 496
348 895
700 388
828 177
338 325
93 859
16 449
14 588
328 499
663 97
796 518
473 343
584 899
172 339
779 765
528 59
959 954
785 428
71 651
607 597
7 419
634 725
85 975
653 365
654 702
975 336
571 236
26 117
497 607
831 566
262 247
944 410
600 588
379 607
544 476
920 415
698 217
275 648
484 306
67 490
508 168
38 729
550 433
155 400
452 423
774 124
890 803
328 929
517 320
551 874
328 764
368 569
951 346
848 499
594 267
423 247
137 474
156 466
543 710
727 37
413 445
821 32
548 680
109 270
660 994
826 470
419 788
336 182
820 729
700 774
591 891
80 171
977 947
856 572
161 302
933 920
866 493
825 709
356 415
624 647
587 269
914 55
240 176
792 615
995 32
655 361
652 623
375 258
602 322
341 414
217 224
715 161
255 376
493 691
386 879
499 101
619 525
856 457
397 45
883 944
772 207
630 143
299 154
409 423
501 73
140 273
866 17
245 84
35 394
41 893
409 193
400 908
25 273
378 585
70 259
970 821
258 409
371 256
334 436
172 311
135 189
67 539
893 667
651 291
451 265
400 569
132 852
977 305
832 732
372 269
640 136
858 596
215 209
551 603
272 515
336 342
872 680
893 110
471 56
453 733
312 415
989 571
883 40
663 958
437 933
427 62
431 926
603 441
217 614
492 728
739 681
864 14
233 780
278 435
218 120
660 23
13 667
753 342
474 145
94 606
755 256
683 47
759 344
155 758
997 323
708 906
837 810
660 885
240 510
256 627
977 927
579 895
411 785
567 610
565 176
256 738
5 489
562 918
502 973
657 938
126 809
369 824
705 934
100 952
253 571
136 523
950 788
184 499
539 315
153 612
333 814
202 251
486 691
101 856
317 907
467 98
254 318
741 776
657 391
969 437
718 536
376 474
261 825
210 979
27 651
102 205
193 679
430 820
583 406
236 515
995 625
642 23
382 444
77 402
828 718
903 156
284 876
16 838
219 833
820 250
650 653
813 175
637 299
184 624
966 599
684 412
150 512
102 777
106 324
452 360
206 795
100 314
929 316
33 487
780 21
673 823
600 977
86 876
802 405
932 816
521 491
85 428
583 605
42 401
631 369
388 165
281 787
122 931
375 55
950 551
592 79
699 741
62 39
320 386
963 696
13 609
485 676
238 996
869 526
263 901
160 426
179 502
368 13
278 510
299 945
286 917
51 48
161 560
218 515
75 150
476 442
21 792
100 547
987 937
867 259
80 703
27 984
803 93
396 179
623 838
202 110
538 452
705 349
857 650
966 100
434 845
298 817
978 654
795 332
541 864
102 286
230 291
913 330
839 639
145 663
274 821
701 890
323 748
253 883
202 723
754 996
918 229
730 327
281 224
745 459
604 282
895 309
955 96
115 255
166 969
480 320
270 775
487 519
37 884
665 59
115 108
81 844
318 563
860 210
438 376
497 924
688 67
634 771
798 136
394 242
54 136
511 977
685 874
544 898
348 341
105 352
731 212
470 184
987 78
533 470
241 352
422 319
39 638
458 38
980 969
483 286
423 163
912 900
512 206
203 829
919 707
462 814
51 449
459 100
997 492
673 430
88 890
929 772
677 494
134 811
860 820
332 381
191 522
764 344
606 431
191 667
342 541
491 437
520 5
973 845
101 958
526 31
5 596
136 669
910 157
479 121
662 862
779 542
395 777
567 599
148 583
439 448
672 541
706 677
287 156
538 250
757 502
941 408
23 28
269 530
491 910
757 359
867 763
121 509
568 828
276 449
277 104
633 282
561 21
46 687
654 814
968 17
327 790
223 833
890 806
655 756
54 229
755 920
917 169
479 632
16 684
901 741
519 186
906 13
1000 160
998 415
693 323
825 955
332 138
993 765
818 954
320 701
946 929
543 705
360 174
938 944
254 718
151 440
846 914
939 92
123 145
129 670
956 119
955 790
172 724
375 511
490 775
694 625
420 558
312 943
900 208
99 489
251 888
621 404
325 599
751 753
882 832
624 791
507 909
60 379
460 573
298 416
983 272
445 463
106 745
468 16
749 385
291 569
218 763
311 426
627 861
689 734
818 826
356 845
50 400
983 709
606 165
59 418
331 441
903 759
406 437
563 114
490 362
552 225
884 721
322 847
303 488
514 293
823 301
993 2
649 718
541 808
355 879
896 621
608 679
970 818
849 707
900 985
443 158
396 296
975 779
301 229
400 570
111 931
965 416
186 441
224 764
266 497
503 241
720 380
792 25
725 901
34 392
263 476
711 694
119 79
260 358
578 745
427 223
303 448
736 274
806 308
272 960
207 868
341 238
535 244
903 598
492 270
185 338
949 306
226 702
669 992
579 933
51 313
89 238
511 643
916 591
222 306
795 950
173 829
652 789
2 264
826 700
569 185
111 360
695 978
972 373
991 427
224 830
574 226
891 783
588 805
203 257
294 728
500 453
562 328
190 537
319 750
15 376
71 270
974 741
611 237
313 946
297 341
746 524
909 70
896 811
685 415
335 90
118 862
376 425
552 329
288 751
921 313
596 125
173 220
414 397
608 835
292 830
719 113
119 901
810 897
158 707
489 168
128 914
810 974
150 295
873 306
763 994
106 419
659 843
508 499
941 505
543 69
693 616
72 126
777 517
710 750
228 865
35 728
100 932
931 268
976 867
812 505
110 490
108 862
346 103
945 553
180 482
950 282
73 886
927 766
750 439
440 62
497 51
904 333
652 987
341 345
925 457
530 266
682 81
709 824
85 126
131 378
739 17
482 26
155 96
486 626
855 735
14 421
606 323
317 204
999 944
503 545
396 221
930 869
493 523
518 932
78 247
583 198
775 1
217 505
127 90
24 835
559 41
729 342
496 264
221 50
205 909
706 958
547 510
819 325
674 454
989 13
844 784
405 428
943 940
470 642
344 530
328 183
550 582
59 57
49 664
376 163
174 346
586 826
516 705
646 528
673 662
266 196
897 46
975 285
121 706
446 911
106 278
551 610
519 448
99 931
906 903
327 595
973 93
764 833
134 241
816 920
923 924
770 885
357 277
212 864
696 737
33 115
683 342
494 162
521 262
333 288
975 849
327 892
138 990
30 320
152 302
257 897
887 206
392 93
178 626
490 800
574 710
60 626
761 747
143 257
251 968
916 519
791 629
938 987
100 994
375 312
658 458
786 23
146 246
260 882
374 112
839 30
278 18
58 881
402 415
791 859
170 643
677 80
400 132
592 853
762 72
672 304
623 869
175 398
101 671
212 216
322 872
714 38
145 737
787 718
867 540
459 247
410 199
966 464
35 206
372 21
600 304
283 297
859 525
681 721
11 751
97 86
816 376
154 883
708 318
600 479
693 654
20 856
827 88
774 449
560 292
863 726
941 432
101 339
618 207
980 554
894 400
626 754
533 166
257 491
640 605
290 85
238 263
578 992
10 116
345 579
828 530
539 667
664 201
223 614
464 95
262 934
837 530
531 667
843 605
552 926
261 214
686 713
358 910
217 810
659 319
897 502
424 743
510 853
759 374
483 171
428 728
730 104
790 902
459 178
406 927
319 646
469 117
829 725
541 193
109 191
973 534
78 842
763 206
687 447
668 123
31 661
257 607
566 862
98 18
771 941
875 310
108 159
400 224
593 813
689 558
541 517
841 379
400 127
840 573
72 903
457 243
41 908
970 388
244 141
335 246
766 270
412 893
309 983
990 438
519 580
615 31
936 918
948 974
594 790
226 346
289 740
915 288
497 633
182 613
23 635
120 224
486 307
452 231
660 332
642 851
326 712
920 177
388 655
23 744
279 834
506 872
323 82
896 170
213 234
239 78
811 825
461 192
535 124
48 427
30 111
725 441
422 757
519 423
190 273
855 1
566 220
694 897
626 843
206 735
963 928
266 116
517 793
385 742
351 439
208 975
171 213
851 791
848 331
635 217
172 697
873 604
213 419
420 579
631 141
374 158
213 20
934 883
36 563
78 934
372 412
106 699
680 742
899 772
602 342
133 452
544 85
13 174
809 23
408 856
563 597
994 252
117 123
607 287
157 980
193 411
767 401
81 35
3 134
866 930
426 983
529 178
213 569
89 587
970 964
809 322
3 279
407 745
926 555
818 144
935 811
334 406
373 436
379 827
175 738
859 629
625 964
124 444
797 552
773 388
756 393
890 903
486 430
146 557
703 787
9 483
797 330
17 792
162 195
129 906
242 21
375 822
561 911
321 418
236 277
929 163
548 659
218 90
76 140
42 268
9 221
342 75
538 475
74 957
373 79
151 531
856 583
893 436
346 809
521 203
795 996
265 355
651 632
12 202
825 317
554 389
57 939
829 285
556 571
144 609
914 125
94 229
545 831
112 4
94 116
773 839
474 773
691 450
840 776
108 80
662 705
352 738
766 533
511 250
727 887
429 179
766 612
433 176
253 559
533 717
109 715
292 125
476 242
594 557
757 111
410 224
442 305
281 117
689 848
447 544
908 54
175 529
495 820
791 363
558 82
680 316
898 367
665 136
757 306
685 53
278 757
427 717
10 383
214 996
56 657
335 637
10 617
430 675
601 906
405 879
890 923
853 537
226 651
603 370
552 532
717 454
367 189
964 289
311 102
645 770
601 710
798 936
323 328
622 300
592 783
294 379
761 904
657 709
489 993
808 823
828 361
453 643
506 356
549 576
515 199
860 647
44 312
900 254
39 354
462 863
412 432
431 404
424 350
523 686
213 204
360 624
731 515
578 146
485 952
624 892
870 753
744 549
625 358
933 37
718 773
757 801
114 997
776 352
914 402
500 173
227 559
808 32
46 96
505 706
805 989
224 150
421 964
650 926
395 233
414 279
730 647
895 346
1 33
3 508
297 735
651 312
444 538
581 55
732 124
519 257
760 38
867 842
194 724
12 453
589 509
738 741
228 939
160 731
949 981
551 513
458 976
908 576
594 484
243 174
590 663
637 66
711 831
693 464
34 111
379 626
738 967
765 510
650 52
579 102
978 803
985 643
68 737
933 675
42 452
63 430
247 413
93 716
669 734
966 581
521 178
209 462
446 397
434 493
125 722
421 241
30 776
193 114
104 435
947 793
934 49
141 827
939 397
564 22
216 188
307 103
326 321
575 713
364 492
165 77
832 454
463 872
981 235
50 319
697 540
700 325
256 982
27 21
728 134
981 348
667 421
253 757
255 91
713 964
664 189
317 868
466 350
728 53
982 702
733 316
37 357
187 344
205 99
232 831
49 351
783 744
698 580
182 477
329 63
782 918
335 241
504 51
38 365
452 947
400 798
457 835
774 640
28 782
783 910
984 4
720 818
959 405
377 603
417 901
78 47
614 173
279 748
194 568
377 23
395 499
988 718
366 874
224 783
746 278
290 118
954 977
854 638
176 369
636 629
362 516
485 313
223 581
725 899
160 965
915 855
564 525
397 626
160 820
968 971
904 746
388 124
688 506
800 772
700 586
993 384
425 321
65 250
264 207
632 426
919 634
497 375
12 881
799 960
14 92
92 836
53 506
610 905
781 993
575 325
433 600
121 939
145 108
442 742
776 218
992 696
990 87
942 282
999 799
361 927
148 795
754 650
793 554
633 811
945 423
763 440
196 623
876 249
537 557
610 461
832 127
335 36
638 391
488 642
70 211
20 580
936 205
704 185
602 890
419 38
824 198
205 713
297 646
753 352
598 820
931 67
128 916
664 582
153 455
229 340
986 16
482 531
276 507
832 571
889 958
674 274
927 164
586 998
971 892
869 149
128 230
875 524
28 754
46 254
992 288
834 607
108 856
253 257
522 862
315 930
997 130
176 492
983 467
200 482
129 570
60 778
226 638
99 756
617 375
873 797
329 895
994 635
557 619
355 943
115 618
543 552
622 39
402 4
227 233
122 785
469 44
164 542
455 9
129 402
920 616
100 968
377 325
798 521
956 623
808 521
899 978
408 919
703 436
500 436
799 730
191 753
930 867
400 154
866 101
758 63
631 807
282 146
857 798
199 699
112 227
679 749
593 884
814 364
784 847
288 670
952 757
700 83
461 609
26 14
135 992
488 641
537 698
760 301
528 524
712 688
340 721
182 308
130 147
439 159
975 505
637 746
158 829
966 660
568 803
92 33
720 762
561 494
121 599
768 640
676 777
971 907
115 113
371 27
319 512
462 454
689 386
393 733
106 276
915 576
419 433
936 741
42 572
404 59
65 757
500 556
765 104
380 970
920 25
119 431
319 57
341 977
660 91
513 783
967 21
664 397
557 574
704 926
190 185
989 947
117 988
111 953
618 591
213 489
52 745
152 639
658 441
181 764
496 226
313 556
759 35
231 597
212 294
493 617
146 244
131 344
998 323
577 184
722 963
953 287
161 977
883 984
657 145
566 995
409 376
145 503
353 337
452 698
92 705
53 837
183 826
178 131
574 441
669 427
898 581
448 769
1000 878
175 470
288 698
579 735
22 111
391 350
780 580
144 409
54 700
551 564
140 941
720 855
628 320
439 227
903 336
764 640
249 693
380 665
964 198
3 524
372 309
524 154
998 33
67 321
917 69
646 653
8 817
25 885
542 818
600 767
267 784
324 455
876 788
293 784
261 306
673 914
565 740
590 73
646 943
475 612
357 490
51 659
569 338
223 497
258 791
454 340
177 973
161 448
404 688
915 171
864 513
761 939
262 710
985 307
68 625
713 892
734 918
381 726
57 768
62 19
134 396
587 914
865 822
403 349
691 750
412 405
855 931
325 596
722 788
688 652
999 532
618 837
161 524
238 530
296 245
994 500
388 301
691 396
51 109
839 252
36 767
496 492
294 691
458 751
170 613
779 606
303 835
809 74
666 709
792 952
761 193
429 217
908 778
503 664
550 339
44 576
575 996
10 752
483 874
176 712
891 563
473 718
990 293
425 595
706 996
525 96
123 794
896 608
477 287
836 986
430 911
508 635
829 546
662 202
224 34
757 376
922 303
48 240
840 364
289 762
16 862
789 436
901 915
958 732
686 303
64 586
620 599
72 69
789 46
968 553
774 306
565 599
488 149
73 637
55 693
497 857
885 710
945 689
160 599
712 132
659 639
966 777
897 310
295 123
613 204
781 944
53 5
779 281
711 576
54 401
945 241
650 184
963 750
910 334
859 354
623 261
679 55
682 233
34 564
643 734
881 127
173 883
264 209
605 784
471 991
970 447
379 816
165 159
442 884
762 829
661 635
321 945
37 23
652 35
735 2
758 417
703 480
887 327
355 334
818 842
340 250
995 193
970 673
325 222
94 41
611 129
464 822
999 798
639 375
434 978
161 778
115 683
403 821
408 713
442 6
286 750
478 426
62 677
395 850
452 769
823 306
515 101
900 553
343 745
14 955
435 928
771 796
10 502
113 176
991 21
827 21
884 34
357 878
803 28
770 335
457 600
594 139
813 171
64 598
929 470
512 698
90 986
509 916
475 108
346 391
997 943
11 206
160 516
436 881
6 71
997 48
210 418
432 1000
570 448
501 774
943 671
380 133
493 162
954 724
462 935
643 796
938 192
317 261
301 941
265 442
484 778
32 411
712 493
273 871
751 852
610 584
593 286
744 926
346 678
517 29
166 69
464 613
575 710
424 499
558 698
174 707
691 343
402 410
658 116
507 950
952 809
827 663
5 747
279 28
83 647
246 81
84 180
819 59
602 681
293 160
187 677
101 791
467 149
965 894
692 986
531 476
253 426
739 321
168 835
46 219
140 164
163 285
312 324
207 76
173 172
600 168
33 889
178 322
664 645
383 271
439 105
900 525
794 8
743 31
28 704
90 749
54 158
913 654
418 804
680 175
789 275
913 543
272 417
869 886
681 523
385 70
261 571
405 886
85 935
954 180
868 530
116 223
957 831
452 606
345 763
768 119
717 371
849 187
560 178
285 455
342 280
194 771
949 145
732 263
185 60
25 555
355 748
872 386
891 430
33 112
142 658
768 205
933 653
627 408
591 765
712 239
997 310
693 13
108 611
808 510
649 431
133 70
579 170
467 644
290 349
13 560
751 872
899 531
423 957
905 134
364 923
938 966
734 817
194 374
303 72
247 690
235 654
937 134
78 924
502 184
69 523
87 854
400 360
458 50
97 978
373 901
639 977
307 299
738 93
718 549
779 901
719 359
973 947
946 1
107 7
144 11
623 983
936 247
408 330
672 529
675 338
328 327
789 454
810 867
704 226
408 479
941 139
382 105
866 586
480 497
524 4
581 53
752 757
751 389
509 122
148 272
993 821
690 751
858 637
984 944
298 44
935 723
82 383
689 429
177 657
713 295
586 575
536 360
958 515
101 50
786 656
613 1000
459 504
557 383
264 762
855 126
108 929
777 828
134 355
906 152
526 609
394 500
698 294
151 740
8 334
126 949
507 149
200 650
612 119
117 959
118 488
981 806
782 297
30 562
990 716
38 233
848 165
322 276
895 625
368 506
919 449
408 929
207 595
541 335
653 661
798 582
378 47
540 789
179 50
22 972
403 570
925 577
144 826
991 448
648 506
98 17
26 306
615 596
212 25
571 722
553 35
153 941
649 528
10 878
192 69
836 662
302 14
231 220
527 979
839 797
277 468
278 119
231 45
692 513
512 569
311 245
745 613
520 473
680 216
112 522
274 889
258 402
482 756
861 288
384 292
297 825
547 153
894 32
72 247
326 700
276 481
150 398
82 464
219 854
656 271
196 88
659 672
987 383
219 233
241 625
737 340
872 685
485 102
518 866
635 37
453 728
812 17
371 835
572 311
798 196
391 662
488 37
450 421
252 53
489 669
199 478
509 578
384 799
332 253
375 185
215 784
91 878
219 341
554 197
65 847
62 467
854 457
985 270
870 492
437 647
440 149
193 128
151 633
632 681
36 685
308 404
769 910
165 269
539 528
649 112
895 533
756 486
19 328
574 58
667 372
207 567
648 7
248 555
65 395
748 136
491 113
292 358
814 487
501 40
249 71
781 166
486 692
680 775
454 406
183 716
594 693
867 379
378 660
469 571
219 664
571 623
685 411
596 10
944 539
887 533
88 562
987 671
572 115
757 57
150 217
634 308
451 458
642 97
220 149
535 238
707 669
62 900
451 347
876 552
698 952
662 215
21 213
495 130
98 1000
659 847
456 178
239 137
371 1
409 796
965 511
829 841
931 304
883 11
495 465
462 650
36 899
945 732
765 51
881 734
474 92
215 839
643 910
826 280
170 196
78 453
621 677
108 632
949 94
109 465
695 590
912 737
534 840
1000 410
104 239
837 777
143 137
706 212
47 860
375 419
344 269
623 393
695 876
991 213
574 71
830 45
449 214
223 479
813 774
834 291
351 298
398 776
682 383
95 198
672 441
344 218
295 775
329 266
458 110
122 467
126 443
71 494
24 839
88 284
49 276
486 803
982 932
16 475
605 311
623 946
537 527
610 495
439 507
956 199
486 946
912 37
163 493
720 990
331 675
116 395
903 473
617 618
546 694
694 486
187 96
137 923
206 300
879 279
183 148
685 50
113 900
816 303
563 618
346 434
868 531
391 824
450 404
860 175
509 951
664 834
42 570
663 908
671 129
677 964
859 993
676 745
42 85
816 924
724 765
928 550
690 957
587 987
38 913
565 124
713 757
570 854
670 229
485 481
177 816
734 952
437 334
151 560
136 247
368 342
359 941
216 389
473 26
666 811
281 961
977 986
887 123
639 714
195 549
179 424
198 388
659 114
476 766
954 376
739 160
557 879
485 852
911 776
661 817
960 290
187 155
734 523
929 633
213 82
94 87
919 130
117 286
742 491
411 363
288 478
622 585
1 747
454 79
992 610
370 906
460 756
192 122
787 613
277 447
633 993
227 592
466 264
583 311
269 811
579 194
383 349
849 841
426 938
923 274
413 672
196 304
144 411
331 847
779 755
926 614
489 219
709 786
611 660
832 839
686 166
928 902
304 160
175 679
660 453
177 263
634 904
422 934
788 353
457 535
208 411
985 885
708 704
343 103
660 283
797 670
29 820
288 283
91 103
418 269
497 780
428 438
158 219
151 141
20 152
95 676
974 345
78 402
337 884
836 346
730 965
364 587
290 674
4 207
388 235
371 565
640 404
316 68
122 621
42 82
481 978
744 72
907 910
820 101
235 591
551 471
666 783
543 12
679 371
972 255
406 765
777 511
947 907
60 368
903 972
226 104
118 58
819 197
123 720
36 761
457 260
886 63
320 28
913 9
758 101
596 128
965 821
396 112
969 306
236 375
80 748
409 203
466 492
799 434
925 787
949 875
897 686
992 876
455 932
562 18
357 394
400 785
885 734
771 401
576 410
869 249
562 229
581 135
103 199
415 219
951 53
832 675
82 62
66 620
31 11
931 57
608 922
400 575
724 992
410 616
451 156
949 901
135 320
82 352
583 172
431 932
12 714
876 905
235 66
11 571
166 943
247 348
621 559
878 230
807 158
794 807
778 480
1000 16
553 928
916 374
878 215
996 36
798 886
357 294
91 926
293 374
939 204
635 221
650 407
477 124
612 251
601 846
861 644
950 895
130 548
574 59
737 850
693 231
808 972
321 951
840 897
269 175
201 713
623 35
247 934
30 856
382 923
681 192
807 512
838 95
672 269
781 165
748 24
732 693
572 302
454 574
366 687
564 399
526 331
430 92
692 324
128 730
770 777
532 984
438 955
221 41
726 566
738 356
652 180
459 328
788 596
115 888
22 388
137 894
689 185
859 585
733 80
737 149
461 813
707 557
327 836
936 637
96 138
120 256
263 136
807 463
422 555
937 818
292 767
616 27
650 489
256 634
245 825
319 6
360 461
755 422
452 485
542 295
205 547
573 971
189 758
890 869
742 962
670 127
764 142
251 805
699 541
367 891
632 488
171 164
544 602
321 343
303 483
52 161
919 693
924 877
212 559
928 360
975 494
303 284
915 82
772 329
384 538
901 107
599 258
52 28
143 296
716 94
186 781
557 778
869 520
485 831
714 587
566 760
147 666
900 36
30 513
706 503
688 854
70 886
975 516
559 214
448 26
984 124
731 985
236 409
133 317
864 857
80 693
407 954
834 450
412 620
452 577
531 478
236 296
679 750
573 103
832 47
615 600
800 461
658 935
476 206
500 196
504 255
106 863
684 570
906 588
637 630
487 351
55 59
115 852
704 311
44 296
64 662
102 973
718 139
444 848
250 931
824 666
882 432
441 206
694 35
931 303
54 130
243 327
775 230
851 516
48 375
531 642
191 876
685 757
82 586
485 415
638 687
143 249
683 476
977 831
869 505
551 93
373 591
30 724
398 88
950 517
682 175
521 235
485 706
949 339
109 214
881 5
403 691
591 898
564 62
469 190
730 535
259 400
960 291
479 373
338 651
636 920
550 72
202 170
502 297
657 150
791 967
743 462
947 253
469 513
550 298
331 608
39 819
120 781
562 412
46 245
75 615
205 940
581 273
448 947
233 419
16 87
179 517
326 948
699 330
248 32
619 499
785 421
418 838
427 668
927 91
819 578
604 500
716 798
573 591
245 558
379 596
216 741
901 973
405 798
543 24
671 215
50 671
732 455
256 34
189 860
563 97
544 821
427 971
784 786
238 507
462 707
928 579
118 977
509 700
259 931
209 288
824 259
260 666
272 986
384 676
544 642
342 119
258 105
532 163
713 573
644 421
294 234
151 599
522 857
887 169
178 531
179 278
867 439
398 52
290 901
412 901
190 954
928 15
431 436
826 363
517 83
199 437
613 762
852 934
744 871
113 264
438 909
905 386
781 303
431 138
325 883
348 564
294 694
709 541
503 740
749 268
537 932
420 232
847 643
256 484
406 79
799 556
486 793
658 860
254 261
746 677
781 98
417 727
309 219
274 996
684 627
386 170
190 173
927 281
430 803
748 362
586 157
296 707
244 57
281 49
176 809
167 911
488 619
913 596
297 831
817 48
644 639
931 56
237 737
230 275
348 158
199 289
765 203
915 524
788 262
435 353
208 376
618 447
525 545
451 44
162 665
287 690
146 962
590 57
93 639
404 510
354 801
940 216
299 224
7 819
301 530
380 13
966 780
703 843
100 412
172 769
323 375
327 679
111 252
976 155
583 630
935 53
612 390
151 522
833 471
794 855
359 871
432 700
273 888
420 761
720 47
642 37
946 673
953 637
752 400
164 742
570 609
844 64
293 454
611 343
298 364
636 226
801 275
450 675
749 61
643 592
695 955
576 541
479 316
579 898
401 222
239 896
311 535
888 823
773 878
868 428
248 557
100 566
894 228
967 424
238 668
606 139
364 274
205 361
735 330
411 451
175 282
732 549
747 96
585 797
434 819
418 684
129 295
576 884
563 882
840 429
948 824
272 297
625 669
607 517
184 933
231 817
659 992
201 358
111 751
516 747
371 146
86 314
524 206
361 104
966 575
570 380
974 202
581 924
180 603
607 840
628 7
971 705
558 278
245 824
587 817
761 564
717 430
868 814
100 432
637 247
677 768
570 176
298 988
632 489
963 899
927 740
217 869
90 29
844 134
977 867
815 254
954 565
118 470
501 470
981 988
30 520
472 196
569 218
643 575
91 618
760 956
868 354
692 16
456 486
435 105
96 271
942 600
65 484
433 632
454 214
38 273
857 919
190 457
465 815
238 757
841 468
914 280
97 999
847 714
1 675
174 928
88 161
843 275
4 423
838 10
804 398
385 442
206 480
351 665
11 722
763 713
213 728
107 429
552 78
880 875
628 761
595 496
559 277
967 718
680 146
76 779
304 604
244 113
742 464
887 793
672 982
74 17
811 713
59 940
166 960
745 349
930 86
66 466
158 944
215 960
152 233
667 730
805 32
984 838
210 498
217 606
328 889
384 955
205 45
693 360
342 398
114 233
358 996
950 760
898 863
920 901
385 688
298 115
831 47
326 17
293 700
114 459
557 587
566 721
29 146
910 261
839 353
949 289
273 832
938 50
777 112
251 159
713 934
87 85
551 386
761 606
299 517
377 357
255 332
644 119
136 422
819 235
692 155
900 424
27 12
876 31
991 382
169 307
760 457
925 924
217 479
75 905
207 188
1000 850
213 523
993 511
480 150
616 770
912 3
503 81
278 840
227 816
729 598
462 992
219 992
827 225
918 152
552 53
599 605
996 839
271 550
606 671
349 750
996 639
483 644
944 402
768 864
91 347
736 20
21 124
793 211
261 429
466 989
725 889
82 269
779 177
180 642
931 458
962 34
384 903
539 973
775 197
357 278
345 502
683 426
556 948
103 839
125 907
282 279
555 244
80 20
354 495
688 467
726 383
488 377
109 407
769 566
679 15
919 764
798 683
288 48
345 1
364 875
494 511
884 250
619 743
13 930
622 926
588 90
576 562
902 532
905 304
526 160
123 357
184 479
991 444
709 907
374 975
80 308
751 694
787 933
80 751
890 48
307 264
416 945
270 12
999 839
446 878
751 733
718 661
720 757
926 934
853 654
753 554
865 208
439 61
886 334
211 450
344 545
652 97
875 872
275 974
480 400
262 312
409 916
558 644
873 679
380 697
966 720
220 466
81 892
79 281
358 352
346 360
741 289
499 138
698 212
12 629
999 356
660 313
64 876
346 138
988 717
517 609
739 721
647 482
704 828
484 60
363 837
753 509
881 640
129 977
190 234
963 934
982 134
825 73
437 275
5 63
602 157
251 121
682 213
204 145
901 117
8 508
912 850
783 113
934 455
347 699
528 770
526 781
178 903
820 490
166 172
834 218
191 587
216 157
514 732
363 286
36 648
547 50
723 590
762 936
456 539
170 642
792 873
190 512
908 859
156 656
567 758
696 389
400 194
843 374
827 621
790 339
926 883
231 253
681 51
124 363
547 459
509 364
224 228
831 771
281 99
547 344
766 300
213 692
219 955
61 177
535 235
702 893
852 349
616 536
876 555
733 174
571 191
22 373
206 214
79 332
779 394
67 652
915 698
183 290
941 498
157 387
778 277
989 486
662 308
721 776
157 308
286 72
589 229
915 920
493 380
419 617
974 501
379 287
741 470
744 454
210 414
176 274
177 559
695 421
772 902
220 587
349 873
698 362
60 775
721 187
595 734
64 74
748 660
929 22
859 76
508 962
203 777
593 385
744 115
85 293
32 415
803 954
652 929
359 539
17 350
276 649
117 741
725 486
229 727
662 788
152 774
459 796
451 990
454 215
990 933
592 500
154 307
672 444
947 114
839 192
925 214
255 393
148 853
921 595
443 787
562 359
782 800
126 446
683 468
109 564
221 410
24 842
154 469
83 489
376 349
533 372
224 273
371 418
117 202
301 499
103 43
729 456
412 780
469 845
803 552
704 154
64 377
951 462
323 453
11 947
784 241
641 578
676 935
29 523
127 532
167 701
866 238
333 149
922 402
742 51
450 403
305 444
508 157
327 955
722 199
442 215
264 627
249 796
525 616
508 12
989 635
817 426
220 559
846 783
882 227
703 19
794 797
1000 106
29 913
146 444
663 299
864 745
1000 452
947 658
711 405
34 521
98 523
679 241
792 485
360 931
118 464
356 288
123 491
108 381
327 29
757 664
646 403
65 86
873 573
857 50
588 902
922 204
826 895
829 428
687 818
528 985
726 796
895 959
917 825
810 299
829 29
945 37
425 233
166 122
629 481
810 589
919 125
689 916
925 780
801 774
71 604
663 120
340 643
953 856
699 332
905 945
512 937
400 839
379 699
646 612
150 375
28 855
579 946
642 215
699 42
37 655
60 403
701 632
188 557
172 106
410 531
853 813
395 461
950 153
128 192
236 865
43 479
945 831
488 190
769 73
402 626
99 964
206 808
9 428
621 951
488 205
694 13
362 554
912 516
973 122
298 818
229 218
211 835
820 979
358 566
531 672
539 893
242 87
941 621
800 655
29 83
582 865
87 349
346 969
328 628
922 494
207 904
319 830
147 741
623 236
223 684
863 317
114 492
242 313
958 67
817 769
468 715
414 657
312 951
977 571
92 894
244 673
973 684
155 432
835 562
503 448
861 558
312 661
423 643
910 130
715 41
936 298
493 571
333 18
988 856
165 937
260 627
524 736
468 254
948 478
435 495
473 672
439 399
999 215
247 658
226 233
520 918
413 641
698 561
220 141
865 64
847 80
63 705
413 562
675 451
567 849
20 660
920 410
906 661
979 953
543 216
270 852
606 632
572 824
774 420
3 950
944 447
547 106
90 963
886 91
292 631
444 234
963 250
362 767
969 378
446 194
129 822
24 28
152 81
480 622
802 23
509 749
699 901
651 998
618 351
858 238
17 966
346 58
418 415
57 69
55 598
649 265
959 44
657 758
122 281
640 452
56 139
829 528
795 608
739 541
660 894
735 474
829 641
759 448
428 627
427 501
1000 305
217 41
346 719
37 272
619 706
781 623
212 891
313 623
530 192
189 607
771 310
421 497
522 556
805 91
809 24
577 20
373 121
712 542
714 135
400 195
329 227
165 845
400 82
446 27
689 988
528 350
840 576
658 977
453 211
185 653
883 546
535 117
429 106
654 605
850 248
488 585
604 271
382 421
477 495
499 75
9 58
471 241
202 902
854 946
690 691
15 612
478 534
517 674
366 776
257 468
224 801
172 357
586 627
807 345
422 697
67 585
940 190
360 48
414 813
346 111
384 832
25 594
321 443
416 337
17 698
678 601
207 979
298 925
685 543
299 492
229 867
892 37
833 325
699 655
518 449
77 815
423 775
449 392
731 286
146 488
366 311
60 614
668 357
356 457
731 655
694 561
476 790
199 2
278 503
321 912
909 303
967 505
625 226
724 274
217 336
143 632
736 607
53 875
476 346
655 78
575 938
883 344
249 976
993 465
23 244
396 394
36 97
135 879
447 553
215 477
362 115
337 311
949 728
552 366
756 214
561 480
854 879
965 491
428 250
333 148
316 795
662 465
223 741
793 358
279 899
176 160
342 285
604 160
647 404
689 358
284 670
910 638
802 95
642 564
203 982
55 617
169 714
690 776
488 496
345 265
147 255
864 635
712 447
565 541
564 583
862 250
113 950
973 264
961 320
707 356
122 972
144 678
352 623
192 690
359 574
730 190
965 552
414 709
863 510
811 339
227 408
661 182
910 37
297 106
448 458
800 159
584 806
52 708
933 93
991 491
524 636
830 815
889 369
347 917
127 145
516 218
397 71
949 201
979 352
525 148
980 752
430 40
748 99
876 168
35 408
370 793
98 360
122 354
624 160
36 54
643 102
684 906
810 733
813 298
463 465
176 689
563 831
197 5
969 116
365 975
870 820
413 557
876 477
453 316
725 147
384 349
494 818
301 248
59 970
44 158
210 178
768 866
931 238
625 901
475 58
632 103
633 402
256 37
607 898
572 298
133 737
851 436
319 202
391 681
285 422
911 406
34 102
987 52
670 44
15 370
717 116
523 263
68 744
531 784
860 604
21 574
260 282
501 618
318 16
122 625
263 657
802 325
90 467
964 342
312 969
954 632
665 971
425 366
777 1
725 699
359 973
964 689
271 299
96 991
226 770
640 694
401 134
493 792
666 954
148 657
796 9
728 367
360 595
892 22
623 562
40 849
652 584
450 636
469 448
165 967
316 85
524 530
716 270
502 264
620 491
801 711
800 698
207 237
429 867
583 134
931 737
509 469
491 182
58 639
331 513
512 238
357 809
67 999
989 891
676 139
424 633
387 640
230 470
193 721
197 249
348 123
870 208
914 802
719 21
598 914
106 436
220 428
239 368
495 218
298 610
262 201
30 181
547 109
525 463
56 707
367 28
349 609
480 752
245 944
263 305
690 543
631 336
146 961
474 466
578 988
542 163
512 498
293 911
545 382
674 90
660 25
256 303
220 146
423 141
171 188
445 949
377 999
820 807
159 663
143 50
204 60
815 620
547 566
569 82
556 696
904 297
388 90
781 541
485 694
161 704
968 720
843 812
716 54
652 782
374 150
371 205
507 819
170 289
482 472
490 514
329 384
572 452
666 513
460 602
317 191
232 85
531 345
382 927
74 468
737 636
648 411
929 799
134 942
697 946
718 836
859 474
761 231
154 511
93 451
636 673
748 427
473 643
936 37
413 755
213 705
613 832
168 350
477 204
525 352
176 889
49 461
33 960
984 672
898 16
408 284
675 510
624 470
901 864
39 651
44 215
600 415
272 458
651 214
266 184
160 480
756 401
295 311
724 631
671 168
747 574
885 37
988 828
725 831
483 734
732 313
327 759
204 322
205 151
569 396
143 225
574 671
756 550
243 397
997 284
545 395
125 945
146 342
459 229
424 437
618 594
584 734
252 308
768 261
327 426
403 298
744 900
691 703
716 90
349 81
661 695
629 909
616 222
925 738
892 379
269 382
587 463
402 289
389 549
795 139
192 996
174 820
467 298
454 17
605 528
951 516
885 542
438 633
574 309
361 143
619 860
657 63
841 426
35 511
217 448
273 310
121 28
491 894
222 994
540 387
399 868
419 122
131 21
719 175
704 156
686 28
373 495
938 385
502 269
580 86
991 872
171 683
318 942
124 649
897 37
92 175
440 568
77 317
24 439
922 400
998 143
177 367
259 776
141 780
826 116
385 378
427 995
751 15
727 308
217 571
589 307
864 798
39 214
77 31
777 953
119 420
640 120
716 698
419 660
792 90
774 30
479 812
495 333
194 140
301 744
342 508
369 434
501 661
281 836
321 311
782 420
679 100
204 68
942 814
599 333
730 12
340 500
296 482
268 121
597 348
411 979
639 753
485 718
877 60
860 782
661 715
611 400
39 747
796 38
198 264
951 842
273 103
799 790
865 147
383 149
368 178
886 212
465 776
463 781
279 175
67 893
981 305
322 718
480 246
677 40
258 102
925 778
70 131
775 604
188 858
207 46
177 207
969 123
903 859
625 713
314 800
791 278
97 71
12 159
73 415
366 628
920 384
629 178
723 53
483 824
690 278
762 84
381 73
681 617
810 911
103 444
309 269
400 615
955 247
261 426
121 741
39 889
129 808
163 428
745 88
546 155
855 391
323 14
859 960
237 940
262 454
395 215
855 116
271 999
437 395
994 984
649 275
765 359
214 215
313 262
833 463
685 614
862 691
462 993
284 385
13 765
184 950
18 341
825 163
240 461
308 570
755 478
133 164
119 95
670 484
924 152
929 830
667 366
411 44
969 586
752 342
716 241
496 404
49 996
530 109
126 538
843 254
607 105
735 932
296 139
539 217
153 518
170 620
815 124
899 586
978 554
207 236
10 872
887 670
728 61
912 324
733 308
315 135
957 332
689 950
88 267
878 822
776 873
885 26
698 575
684 766
392 902
27 553
841 45
510 192
133 361
496 830
228 529
393 572
497 628
591 206
600 563
675 35
806 779
491 642
332 902
188 674
305 506
180 754
842 675
682 668
55 690
976 881
725 794
600 567
546 191
931 491
536 505
864 966
994 781
665 283
24 141
247 347
627 933
983 455
293 543
310 919
332 251
354 543
560 350
1000 21
873 809
214 243
622 236
850 523
941 992
158 474
604 574
646 868
955 844
354 353
47 838
998 866
77 951
397 275
414 755
165 311
259 718
901 131
152 958
49 806
673 364
74 386
131 153
320 959
812 768
675 980
431 170
515 831
164 343
919 193
667 104
359 436
205 959
696 392
827 622
221 435
349 254
939 796
253 709
231 254
213 607
417 774
901 698
496 749
61 411
192 214
67 962
88 487
107 453
804 485
609 155
607 496
462 161
728 823
582 182
340 709
434 702
500 623
828 338
371 233
207 536
874 240
1 146
404 201
103 642
443 293
923 767
103 375
50 577
968 452
732 101
695 19
20 793
239 151
479 644
889 582
138 492
746 89
195 213
570 491
788 294
935 657
314 173
838 510
615 361
194 903
416 497
730 757
841 692
827 377
918 528
725 830
542 156
245 772
928 528
472 652
570 205
875 205
708 819
346 28
845 454
557 466
907 374
320 767
372 808
543 643
437 372
350 975
834 1000
513 709
466 289
590 469
995 135
502 949
748 949
105 717
749 140
289 406
878 336
94 323
829 276
252 100
469 165
680 572
623 516
934 113
22 543
313 649
540 984
763 129
736 463
530 34
804 581
160 811
304 751
113 421
739 505
852 184
725 182
448 142
287 399
576 138
577 359
466 286
28 569
987 832
880 784
516 262
75 638
59 341
352 473
975 163
939 905
982 809
71 522
978 276
429 76
358 114
289 601
457 771
166 885
23 980
337 309
232 541
486 150
270 867
349 646
26 95
704 443
607 469
873 276
432 222
594 948
662 356
925 503
391 822
885 211
381 134
333 99
426 391
82 293
342 275
406 450
665 967
853 565
671 284
711 739
68 375
682 999
696 343
497 235
82 583
411 519
121 923
87 186
604 960
660 978
842 989
593 81
209 328
484 838
801 12
363 671
15 62
493 16
99 361
209 473
213 497
198 623
414 696
319 741
604 661
990 874
437 618
80 473
604 311
365 504
8 149
799 785
527 806
235 788
271 266
369 590
207 410
979 501
834 432
636 516
36 850
202 38
519 807
79 860
962 12
18 724
519 948
991 651
630 89
44 596
278 890
988 726
396 473
456 308
787 728
844 991
525 116
653 436
130 576
758 940
894 88
196 333
452 983
509 130
883 397
3 636
659 796
346 481
219 789
202 589
923 487
225 420
500 874
998 217
690 742
582 408
551 683
845 842
168 708
334 241
82 374
580 137
143 683
603 312
361 181
931 353
127 534
935 345
58 255
647 101
318 677
746 288
802 14
786 651
833 684
480 564
466 763
642 534
661 298
832 542
384 117
281 694
211 821
17 616
113 967
720 169
114 408
8 373
815 586
867 96
160 144
536 811
259 580
846 520
357 826
844 350
542 257
85 218
30 565
342 251
809 758
665 890
958 465
382 602
191 450
817 919
964 706
325 604
752 504
326 303
40 964
421 73
9 847
137 678
123 377
605 693
273 66
401 21
925 602
52 730
499 903
635 371
228 782
892 642
508 975
400 218
862 62
476 365
573 57
277 620
633 790
429 865
143 610
98 266
905 752
157 887
213 555
128 611
143 848
918 94
539 113
220 136
240 598
387 531
210 114
161 246
304 243
983 557
50 971
35 101
757 320
25 63
408 177
245 668
873 323
508 482
590 864
668 954
171 754
245 525
67 293
607 851
560 226
813 208
561 191
524 261
564 746
368 993
451 19
91 40
38 753
30 85
87 28
884 625
534 581
811 832
974 268
372 678
85 555
301 670
659 500
716 707
863 636
459 362
521 507
631 496
81 316
800 686
854 337
527 309
643 808
310 519
468 635
893 422
342 148
626 35
494 467
649 488
703 165
618 911
752 405
18 201
146 18
331 18
369 859
856 659
468 857
821 859
240 200
667 333
632 910
635 49
598 167
423 705
360 689
472 11
259 495
80 560
212 469
740 611
250 243
822 821
326 68
348 644
477 40
10 781
448 210
16 502
382 895
572 104
837 892
395 842
801 963
480 82
172 376
101 558
389 96
268 171
269 766
148 497
666 114
20 314
474 739
336 512
763 767
598 956
16 946
860 83
382 315
273 726
737 280
976 560
573 626
392 641
745 245
285 330
34 202
627 249
599 871
33 258
842 708
261 370
335 641
52 393
824 482
200 412
474 39
242 11
764 132
547 758
986 442
910 264
795 720
632 494
217 872
697 54
699 640
920 851
998 700
749 250
34 737
878 486
420 538
627 674
518 343
133 251
321 75
527 47
485 680
933 836
716 84
437 533
574 78
5 305
834 139
910 76
929 598
511 910
772 228
424 394
758 389
602 689
714 855
182 705
454 90
810 450
919 228
119 813
174 933
321 695
415 325
292 16
576 139
204 708
265 856
235 230
828 17
187 411
466 430
49 414
158 520
54 521
914 582
111 552
258 728
222 627
448 988
162 710
235 260
805 720
71 666
954 346
401 800
102 116
174 353
968 402
396 747
625 781
538 908
617 653
689 40
46 671
140 736
399 437
111 895
208 642
894 498
508 153
702 641
539 361
581 780
17 865
659 590
695 276
461 190
502 554
600 778
711 738
587 929
406 799
280 415
669 155
358 872
620 39
290 520
100 183
122 30
356 281
285 771
34 517
492 329
592 39
158 48
308 331
593 643
920 589
744 881
654 16
825 464
772 820
601 57
402 404
765 886
622 737
131 208
619 980
115 501
282 844
100 715
966 146
291 918
633 889
231 176
396 75
974 552
369 687
23 164
743 341
71 600
666 392
136 999
126 184
537 669
684 532
520 589
997 555
234 25
35 72
309 617
106 155
771 860
941 20
689 251
62 247
932 297
970 740
174 745
996 612
854 910
357 174
999 371
747 474
586 980
935 715
165 445
684 457
233 840
466 982
603 315
486 413
586 551
699 780
409 590
770 865
507 383
470 865
384 924
721 997
594 365
213 935
10 785
392 439
743 481
414 872
398 365
272 833
80 122
926 199
697 253
860 607
560 495
371 570
845 286
575 117
812 617
501 536
854 20
820 108
472 786
327 108
476 810
956 636
494 423
132 110
554 910
854 135
331 198
614 979
192 768
65 54
563 307
467 390
285 521
951 936
329 489
40 852
682 431
352 582
607 349
759 143
616 423
924 922
8 409
430 361
584 837
342 565
411 713
723 550
500 501
924 279
213 968
957 874
255 77
610 76
944 920
27 924
340 461
705 596
207 159
49 341
14 565
714 464
438 240
519 697
374 902
234 125
948 977
455 223
662 195
349 348
386 454
429 292
177 459
399 636
475 234
936 904
832 553
308 57
836 225
250 882
115 48
794 669
693 698
376 964
802 160
50 701
203 693
810 877
219 939
28 709
696 530
181 214
312 283
864 984
116 573
565 880
697 168
418 411
576 488
267 610
805 907
808 874
56 143
934 286
764 71
582 976
108 675
241 6
848 234
497 412
631 273
902 971
852 738
568 153
324 887
551 496
30 929
865 730
222 457
593 715
977 692
778 559
504 558
984 248
970 311
117 302
78 988
173 524
605 521
442 607
724 361
374 294
676 500
749 746
40 110
297 321
425 660
281 173
636 700
253 512
130 99
769 173
44 541
83 65
943 815
676 170
224 249
990 855
558 210
574 117
984 675
399 690
274 853
47 215
504 456
505 625
470 749
271 432
974 173
991 881
29 546
579 956
309 722
861 261
295 419
479 646
634 897
91 390
661 30
594 19
741 320
546 792
219 122
916 76
793 319
578 575
927 972
875 488
362 622
826 177
792 65
833 70
703 917
560 493
7 930
53 96
424 928
484 940
892 33
731 485
424 591
578 368
27 506
997 362
66 28
468 664
275 248
901 84
36 683
707 285
670 403
322 293
401 178
222 282
934 196
908 647
873 694
692 30
730 329
790 679
792 684
869 898
672 66
451 965
123 288
565 441
640 992
553 321
165 11
368 137
80 541
944 834
338 561
299 829
801 531
718 820
998 917
598 418
265 974
107 133
625 448
771 52
331 637
648 265
151 462
409 283
211 163
992 277
588 547
59 343
425 513
448 942
603 786
813 339
211 385
728 789
281 632
513 447
785 434
269 737
795 337
439 145
277 246
551 910
839 656
457 914
93 274
810 918
688 211
413 871
950 182
496 324
223 848
370 260
747 296
250 938
772 833
96 284
793 362
560 171
101 807
873 52
102 806
107 892
440 281
794 580
686 590
656 621
437 436
994 819
246 556
432 540
589 18
661 389
720 207
635 956
483 187
290 521
61 714
599 334
611 260
481 575
411 980
857 132
273 971
327 24
437 616
575 310
173 690
695 196
752 301
968 946
865 514
312 766
44 929
812 827
728 990
190 739
283 15
191 998
736 785
588 786
297 255
248 619
106 521
88 20
382 986
115 765
465 926
525 144
502 339
668 595
221 505
719 366
701 975
5 1000
743 340
304 491
636 740
518 511
149 765
921 345
319 797
504 34
586 96
354 490
989 101
645 809
168 199
616 919
871 65
784 67
235 483
399 746
845 614
573 471
956 449
406 985
432 109
148 281
205 280
137 520
857 623
764 521
780 870
837 339
676 855
132 757
79 432
279 818
691 441
565 633
401 347
54 246
536 369
93 532
86 54
544 844
357 399
471 321
258 890
11 414
621 579
747 648
569 344
878 210
626 859
833 376
241 319
665 685
668 532
507 92
534 921
976 69
449 475
857 454
985 313
531 901
548 813
76 94
888 774
725 327
428 867
911 86
806 136
535 970
594 832
369 189
740 388
958 471
596 684
57 1000
352 1000
904 111
929 684
786 111
971 41
644 81
478 11
415 766
640 936
97 341
457 973
159 240
876 121
786 273
240 795
810 411
444 141
192 94
678 958
585 921
141 171
476 915
491 170
837 439
465 523
173 346
718 353
840 553
70 226
352 387
926 571
194 286
433 70
163 429
805 998
720 926
240 584
576 402
466 6
380 576
242 545
237 710
79 374
742 402
983 924
831 553
880 663
724 1000
599 748
211 663
565 556
110 395
405 827
362 539
766 246
470 787
309 415
37 896
24 97
967 686
716 622
510 643
104 645
242 997
337 831
1000 137
582 823
734 862
825 994
424 965
385 577
61 528
794 815
941 588
584 343
713 693
753 320
312 122
134 471
825 188
441 715
544 276
341 98
895 655
164 749
367 690
868 373
375 327
877 1
863 50
616 373
100 573
273 289
625 330
80 525
735 901
833 939
320 112
763 452
835 819
819 86
917 193
383 584
420 11
564 685
957 508
18 538
992 913
684 959
942 3
690 104
139 498
323 593
657 369
190 619
419 66
206 318
742 348
504 90
76 798
97 477
25 104
407 594
895 263
757 290
926 305
451 211
642 632
793 28
704 449
248 462
181 279
842 627
757 781
841 514
647 30
9 414
962 620
980 741
195 103
93 604
647 431
210 704
757 279
543 366
506 515
796 863
345 391
162 215
738 898
727 95
578 599
159 742
473 363
422 412
9 201
561 532
356 144
375 148
750 64
199 330
886 512
545 120
877 963
505 431
591 769
216 289
345 67
610 561
973 577
653 579
800 25
584 928
606 445
630 295
80 399
155 127
284 352
191 762
269 92
128 295
258 239
277 561
233 664
959 737
374 259
361 608
288 570
380 217
502 662
408 559
705 303
31 887
452 728
329 19
992 957
831 988
927 329
823 360
534 229
511 460
116 412
482 706
505 675
975 450
906 711
728 645
859 685
253 246
269 625
555 692
405 145
525 640
943 657
418 28
182 45
555 709
280 37
487 906
399 292
632 491
341 629
12 571
271 139
916 97
534 656
792 47
668 642
941 754
547 775
556 975
884 460
561 935
375 225
582 895
949 8
437 292
973 178
556 862
941 233
485 488
512 220
342 99
241 124
70 537
274 18
631 216
952 241
688 667
528 832
618 852
912 559
341 395
696 246
455 375
94 205
848 977
260 871
674 693
326 480
230 524
40 152
151 124
427 764
463 190
438 968
926 845
265 890
749 578
92 331
240 734
118 659
600 142
801 905
434 754
73 50
837 835
998 14
370 756
570 356
154 213
442 54
157 690
643 614
729 607
989 149
280 867
188 555
229 401
712 949
823 899
957 857
870 410
701 351
132 645
349 905
640 208
24 181
946 960
858 276
339 774
34 978
364 557
551 795
309 92
220 521
56 593
318 394
94 621
590 374
204 21
336 165
446 46
942 846
568 255
735 381
222 320
1 947
829 345
616 282
782 81
51 201
238 537
630 367
99 245
504 899
70 950
805 417
74 445
750 506
636 555
826 44
884 41
176 628
545 733
107 76
842 9
64 778
409 210
858 995
857 716
681 286
439 58
386 162
193 724
816 970
692 698
549 287
128 533
220 139
176 361
951 12
813 43
392 793
935 308
435 945
185 966
223 794
573 619
945 972
584 156
196 66
270 713
400 583
521 653
171 260
79 407
158 2
721 963
811 820
557 200
834 591
559 782
817 411
621 917
12 707
416 476
767 747
484 59
786 637
256 292
904 496
208 45
856 969
364 672
769 762
809 565
383 502
208 956
760 633
726 146
32 394
164 671
219 640
668 287
82 812
217 51
436 331
754 250
536 104
598 75
584 901
566 533
715 237
76 945
847 984
294 1000
354 95
579 906
636 873
736 875
218 574
535 719
517 448
382 316
923 105
9 761
230 581
534 1000
13 161
273 188
438 662
866 85
888 517
249 77
247 558
433 310
911 617
629 306
448 213
514 360
733 276
491 137
273 478
40 511
421 686
19 122
140 10
378 525
897 641
516 445
328 137
180 108
261 699
957 590
317 751
254 154
145 966
655 171
549 12
600 612
182 70
426 540
262 174
963 335
237 590
662 463
63 854
357 117
695 269
882 276
936 644
538 760
980 853
358 609
312 313
595 630
725 939
542 19
176 408
381 433
981 642
492 465
955 785
247 89
255 626
816 566
928 208
261 680
416 932
471 902
169 172
445 39
818 515
691 307
714 624
92 828
808 501
810 175
8 253
192 624
446 595
529 333
503 390
736 887
644 42
98 124
959 659
757 848
351 995
942 322
501 18
943 239
812 994
889 441
282 9
157 907
191 987
508 474
734 179
224 296
927 328
935 877
461 742
304 303
417 512
969 211
774 580
528 94
90 611
163 245
880 577
112 731
708 351
31 458
346 440
1 99
591 130
99 832
760 902
888 187
218 620
399 75
555 597
96 286
617 940
284 613
17 870
96 397
3 843
377 567
764 820
211 940
566 230
859 104
931 423
953 227
390 102
73 796
125 592
316 523
902 774
798 695
602 92
234 364
640 305
125 705
881 419
75 500
938 58
852 548
247 210
903 815
506 472
398 208
791 651
77 559
117 706
891 999
593 529
62 300
925 626
988 882
783 340
420 878
321 743
31 564
142 754
913 27
37 227
899 216
666 757
888 573
62 526
268 441
287 367
571 560
662 873
352 266
463 46
162 519
37 453
98 725
444 457
913 726
254 496
562 247
653 268
729 606
215 511
239 501
167 632
24 762
41 700
685 251
525 338
162 344
456 101
55 391
912 273
483 652
357 171
292 602
78 79
315 683
427 949
103 520
343 121
91 448
328 782
440 328
333 3
81 42
172 135
907 508
964 251
531 568
188 994
972 734
574 638
24 182
778 99
85 531