994 2498
34 979
203 803
888 37
422 897
248 676
907 23
768 164
93 15
789 722
118 738
784 607
413 629
140 51
610 266
280 184
762 587
744 519
908 944
283 968
984 54
161 139
966 784
203 167
663 190
960 47
275 287
154 855
526 305
90 585
72 244
590 794
976 175
488 397
716 916
364 1
991 420
888 304
284 552
552 604
275 864
457 664
904 847
706 250
852 141
820 569
752 991
677 102
736 686
241 350
938 25
538 514
924 212
377 673
138 644
758 226
544 495
233 960
393 66
552 777
224 208
336 335
745 594
83 23
593 249
162 71
920 39
8 502
158 726
144 187
883 822
221 419
633 342
389 508
859 688
380 126
474 698
482 928
636 852
233 510
893 909
696 161
842 128
872 109
240 847
182 751
491 963
664 719
38 190
334 641
683 634
867 233
43 788
409 385
959 770
447 35
383 785
126 45
716 53
442 910
448 275
726 122
65 33
345 474
960 432
357 200
950 119
589 397
202 145
183 913
955 303
647 45
411 328
587 14
805 91
590 596
691 28
195 3
305 188
773 947
993 520
541 738
410 864
18 84
826 274
591 534
17 577
187 491
125 529
775 314
554 657
665 383
976 425
226 245
659 409
879 647
93 323
405 755
117 530
906 649
321 418
640 58
734 212
261 920
939 477
65 488
49 467
32 644
951 902
169 90
957 17
831 454
135 768
853 539
452 900
94 293
419 959
670 266
316 14
778 762
757 335
231 157
944 581
472 255
296 935
95 498
100 975
236 255
970 571
438 904
499 855
6 346
391 969
432 134
30 801
418 700
711 385
614 895
560 130
318 861
267 852
34 396
125 248
752 244
881 634
53 753
79 172
373 399
964 648
215 444
325 976
644 859
258 759
71 245
227 563
362 130
103 822
967 541
416 797
165 190
864 598
225 54
446 20
157 404
70 885
731 941
734 971
39 460
810 308
101 23
545 929
520 281
783 533
348 766
430 252
242 943
960 563
358 873
651 630
727 617
344 642
76 298
539 60
298 329
114 68
421 600
326 506
988 921
13 725
229 43
633 646
72 640
570 930
756 284
873 869
379 259
217 458
19 265
369 297
538 897
142 454
493 764
16 470
53 554
976 110
137 12
70 871
534 817
346 289
3 353
369 606
99 939
667 774
233 681
836 76
992 715
881 432
314 497
972 73
408 382
949 736
711 300
531 647
632 408
575 984
48 180
177 272
622 246
37 868
710 781
78 926
462 467
70 291
770 544
914 701
331 438
424 551
629 619
854 501
85 181
305 114
187 469
743 775
28 40
268 771
788 37
972 122
754 725
39 744
902 558
266 254
786 578
519 978
158 638
717 171
46 467
894 305
968 671
552 521
256 198
864 811
169 894
631 218
585 962
167 603
249 3
782 200
747 678
182 601
555 676
60 843
213 793
353 720
462 615
604 383
854 293
604 111
740 284
539 322
835 152
875 426
529 710
55 342
154 200
569 815
434 584
5 580
300 596
102 456
671 265
35 842
508 476
272 61
218 777
646 57
817 557
312 648
42 907
869 940
391 333
726 815
213 285
469 873
934 685
946 202
602 664
767 358
789 409
757 705
701 543
405 66
730 139
264 131
867 182
858 577
397 526
467 365
638 601
641 143
402 765
39 240
873 339
912 332
469 510
537 593
650 848
212 907
943 769
547 127
625 951
383 372
223 702
443 470
409 119
559 908
525 556
882 453
368 264
185 326
177 76
859 616
920 404
932 20
893 180
623 31
128 807
733 683
537 397
355 892
304 403
839 937
576 954
759 348
968 595
533 639
438 648
111 18
210 555
337 516
570 602
166 959
46 794
394 852
342 445
900 146
629 824
423 148
44 130
873 801
859 783
948 703
346 374
551 152
309 221
367 28
481 307
337 748
753 292
572 421
916 730
559 153
600 848
894 811
432 32
831 202
369 759
962 869
672 189
216 692
69 254
749 65
790 602
571 929
586 897
735 841
593 733
484 368
393 74
177 344
108 529
419 487
868 416
48 459
709 447
245 521
697 568
22 837
444 897
952 845
71 81
251 232
896 958
594 695
22 820
886 962
232 577
367 511
590 876
348 367
22 626
801 740
81 311
615 235
807 43
977 351
141 299
534 194
902 692
848 110
577 768
990 403
276 933
889 860
265 941
964 199
264 32
822 376
130 904
169 739
919 392
84 455
216 642
90 103
320 506
448 58
479 294
463 24
195 887
515 107
293 659
223 342
776 541
870 728
518 936
351 50
912 279
234 82
232 209
400 640
827 612
934 952
519 874
960 606
472 526
176 935
653 427
140 706
417 323
226 227
662 790
891 368
266 184
74 954
181 966
936 358
863 766
40 368
866 804
747 574
950 570
899 139
365 912
295 132
116 42
245 714
501 5
356 451
486 859
236 952
509 69
2 282
534 611
207 215
232 478
727 118
930 641
247 792
582 16
307 95
734 282
511 903
831 462
118 111
66 1
874 338
711 868
964 634
648 664
511 419
212 719
51 681
145 362
455 6
442 9
425 55
580 279
836 374
910 78
414 932
54 106
628 590
674 812
260 135
44 84
706 499
961 633
382 253
277 733
220 309
66 965
782 951
587 288
130 294
147 636
242 89
649 15
82 120
708 145
357 461
529 116
199 101
628 403
918 294
48 716
195 962
436 472
240 233
620 209
602 23
116 400
333 694
778 862
235 959
76 557
699 403
275 334
665 909
230 59
783 165
89 662
56 404
96 917
122 736
375 246
124 54
787 783
456 211
282 390
289 196
822 330
476 112
521 149
422 185
32 422
235 609
215 591
38 204
33 400
595 926
689 210
946 621
671 285
604 491
785 906
953 216
130 638
169 713
186 802
26 575
619 792
100 87
815 381
374 199
986 400
825 611
808 485
57 124
650 100
952 423
670 675
160 718
547 609
198 160
492 883
438 723
773 239
421 986
407 108
546 709
195 667
841 7
40 600
719 665
960 537
776 694
407 989
514 429
180 491
386 88
333 906
617 889
543 732
711 622
508 881
713 404
509 979
423 263
729 460
28 207
945 256
276 27
540 741
320 576
303 948
52 628
76 819
960 528
371 780
168 118
450 846
658 427
674 508
574 416
779 520
768 876
332 619
314 234
193 129
28 691
806 839
437 790
247 52
359 990
36 124
34 419
641 188
341 195
223 63
284 766
122 661
326 154
225 733
655 84
668 207
483 649
851 652
800 650
986 109
487 605
40 612
93 515
677 248
312 632
596 851
889 258
249 163
505 9
9 801
329 640
129 406
220 670
459 510
978 568
173 783
981 904
746 434
674 55
845 270
417 627
660 691
494 212
22 129
354 635
540 326
410 175
139 423
853 820
568 466
755 305
404 126
647 665
191 237
267 782
824 246
554 892
297 672
797 807
211 989
343 232
454 992
992 177
136 700
273 946
972 244
520 770
280 924
833 154
669 201
610 413
529 115
420 451
645 758
26 976
5 668
282 819
562 20
251 410
555 127
593 907
565 397
467 226
507 741
517 55
994 676
443 861
5 958
449 835
883 331
623 30
642 190
648 65
56 586
456 303
204 980
977 732
669 115
608 230
720 923
143 131
739 357
691 11
765 16
106 34
61 287
541 170
86 265
52 905
274 511
9 167
586 49
822 438
164 773
386 884
16 627
777 40
257 383
316 575
498 950
516 762
867 371
599 635
232 16
233 166
967 137
900 659
813 750
614 92
482 958
928 466
569 283
473 878
936 540
600 372
196 263
710 594
342 600
556 226
718 388
610 546
612 17
156 660
947 716
879 46
495 890
152 457
429 642
626 260
320 887
711 566
397 554
844 149
807 99
663 592
244 566
905 418
48 451
945 843
693 802
640 332
91 39
588 863
439 69
481 522
121 892
674 935
415 358
260 4
244 385
528 705
340 924
935 523
337 837
838 807
909 664
345 671
906 597
80 87
29 184
412 32
982 892
678 208
366 246
40 453
416 493
698 511
903 145
282 583
653 596
452 608
28 921
379 675
928 557
264 341
604 47
8 921
757 977
705 62
301 993
214 450
922 8
902 117
961 837
246 201
374 306
505 628
749 147
931 112
772 478
744 344
253 532
453 50
240 641
759 853
502 747
545 829
381 829
112 6
592 939
994 627
442 308
685 280
280 124
923 120
233 361
306 487
56 24
664 226
972 491
4 277
542 344
389 213
342 727
403 231
369 187
756 884
546 384
85 4
488 968
696 215
805 283
219 168
707 943
390 105
525 87
890 385
411 303
826 99
825 220
809 679
383 668
771 719
426 747
743 417
909 15
397 304
455 510
20 252
494 47
258 825
388 437
377 342
605 838
696 222
129 524
701 798
912 269
72 413
918 1
833 862
905 12
341 154
785 444
589 313
406 622
524 722
502 328
126 787
514 5
91 137
635 123
176 575
926 302
546 95
679 968
585 488
803 33
273 545
60 340
867 934
546 856
322 900
15 49
715 679
58 219
634 349
10 70
321 174
485 627
417 72
573 462
270 16
536 49
476 298
908 690
15 393
398 681
424 740
607 768
563 380
668 526
496 449
82 284
66 98
443 65
658 286
269 74
767 735
938 485
116 22
815 857
753 117
950 905
936 957
545 318
105 826
788 345
148 248
576 601
866 872
388 305
837 185
395 154
332 906
754 488
186 422
171 326
83 223
972 121
350 374
830 956
905 176
637 834
860 774
440 607
711 269
357 747
266 231
712 320
841 855
202 280
646 642
281 108
703 2
481 199
815 580
796 538
25 434
688 99
988 750
2 345
943 291
459 504
647 584
417 854
162 697
944 198
131 289
459 924
114 868
189 544
907 884
563 298
97 63
432 841
235 329
770 116
360 154
677 994
942 356
46 338
399 614
972 254
477 696
265 871
710 19
698 699
953 100
775 487
378 587
145 602
554 893
664 352
883 827
449 118
125 745
402 68
21 798
777 989
607 257
974 572
797 435
447 339
638 759
473 794
544 677
725 12
983 281
270 619
642 413
173 85
687 511
835 853
486 212
217 608
271 839
645 476
32 547
280 704
660 472
882 165
365 655
374 50
943 776
542 845
897 672
309 359
400 589
737 340
786 316
423 693
599 842
35 577
329 809
443 179
883 504
261 858
100 259
535 347
425 398
837 610
289 948
416 572
880 113
558 990
959 878
375 776
531 111
364 543
164 25
720 271
891 271
834 795
542 251
664 785
574 841
616 433
504 67
68 460
150 645
730 388
715 472
385 417
97 436
355 473
249 753
488 599
491 604
365 165
592 247
766 580
639 222
234 579
608 919
668 945
706 607
579 994
877 848
913 922
990 625
293 751
187 478
877 199
309 559
851 36
815 710
711 350
490 878
325 250
290 505
368 398
684 201
99 14
118 803
447 811
473 646
660 607
555 745
738 545
815 646
563 963
696 171
914 158
866 231
459 809
777 219
636 989
748 332
880 23
127 785
257 722
37 948
28 423
981 263
158 152
14 189
72 345
350 177
365 738
774 509
79 323
619 149
319 464
49 737
716 243
294 347
23 237
742 16
597 824
104 644
252 433
490 452
353 964
525 444
600 696
177 22
384 989
761 381
706 221
782 594
376 146
468 181
610 106
935 491
212 261
303 741
127 33
579 32
101 145
49 363
340 161
107 371
718 623
57 641
788 406
440 380
51 484
473 271
291 861
221 388
955 105
258 763
212 591
776 303
687 684
834 176
671 125
174 447
159 728
385 158
454 833
185 250
320 752
100 601
431 676
195 871
377 421
622 685
919 855
57 427
741 512
483 784
635 290
270 918
396 770
112 229
222 277
96 921
777 789
64 88
534 896
984 409
414 3
608 336
203 949
183 736
666 402
967 506
143 724
934 193
244 192
907 417
746 219
157 889
738 506
740 458
926 661
981 283
488 929
839 845
732 265
594 294
117 37
263 555
446 838
450 667
769 969
476 671
918 984
243 413
944 67
323 926
711 89
111 552
388 578
136 240
618 393
358 115
140 898
568 211
16 581
418 233
863 937
497 733
544 241
251 849
51 364
415 322
521 441
318 940
744 771
799 925
467 19
782 101
570 854
716 217
455 978
580 729
725 101
128 12
613 298
445 147
603 332
716 498
257 520
300 251
690 948
271 376
265 252
855 195
416 368
659 300
511 355
792 203
862 345
118 222
618 204
430 255
472 508
574 776
810 889
577 658
834 512
126 947
757 682
516 555
81 904
902 914
706 764
26 256
675 394
493 817
684 324
480 362
793 454
391 768
180 923
553 224
331 171
208 420
479 371
68 105
893 75
142 321
550 535
610 825
755 461
387 122
138 607
985 925
234 491
489 865
201 788
293 305
95 558
301 305
517 98
332 163
520 676
391 448
568 46
12 781
204 946
334 833
540 481
532 456
378 464
126 743
936 142
973 311
32 882
71 894
917 362
689 560
836 673
229 221
342 404
18 601
718 382
458 221
304 811
753 832
609 219
536 666
704 678
192 619
905 491
870 375
621 947
628 336
956 479
781 25
529 907
682 21
444 365
872 486
817 144
285 197
418 624
411 887
208 547
211 530
977 385
178 272
207 773
10 924
778 297
576 346
413 103
641 140
242 558
245 94
449 840
589 281
531 96
877 955
236 828
954 812
756 752
460 879
904 28
808 31
239 545
521 336
575 696
477 352
834 953
500 744
851 682
894 941
290 122
607 550
919 752
991 903
243 134
813 419
513 495
73 971
185 590
757 720
745 390
232 922
981 467
128 367
31 89
78 487
542 86
433 547
196 89
488 671
805 475
272 633
220 327
980 697
857 900
808 779
699 787
917 200
355 585
210 115
600 279
107 178
386 454
188 606
854 827
157 116
582 831
566 208
403 44
557 499
814 873
480 99
400 299
223 356
758 730
744 746
87 469
4 308
79 207
429 961
15 290
504 748
783 273
824 438
416 762
818 775
298 510
660 985
835 214
981 27
231 396
785 331
288 749
934 395
369 899
228 437
212 530
693 77
752 519
289 287
438 194
13 506
317 788
856 741
667 934
458 257
4 117
596 164
27 867
249 55
946 119
415 957
806 936
745 417
827 984
755 359
655 872
953 802
558 118
459 243
919 338
461 417
27 641
380 635
714 816
605 244
46 145
253 87
992 768
652 510
720 358
423 634
157 937
987 301
861 662
860 975
65 491
801 962
677 745
511 914
113 295
495 948
208 936
692 668
142 975
622 672
201 836
967 139
372 525
526 881
358 39
252 235
992 109
719 545
49 281
454 762
237 778
828 5
970 454
66 402
414 119
399 449
740 118
583 744
233 524
90 38
869 679
891 646
850 6
440 951
311 257
857 208
703 805
270 831
146 706
809 853
441 774
317 86
579 639
486 620
237 585
679 983
629 88
674 402
56 666
699 390
648 894
97 488
133 815
640 473
528 665
618 992
430 9
894 696
640 823
109 566
900 806
426 625
137 994
635 111
283 761
992 347
622 859
952 545
71 638
573 66
644 40
223 384
667 473
523 925
156 149
468 679
638 970
307 684
414 240
790 920
983 495
689 530
748 942
702 502
887 576
836 726
16 920
276 410
166 649
940 897
464 415
856 945
490 970
913 756
971 416
554 149
339 729
721 886
559 846
46 450
198 942
24 668
6 988
212 96
286 380
588 62
552 935
130 610
132 898
277 428
830 199
134 718
139 74
106 395
14 16
273 445
180 115
848 994
207 938
376 472
599 192
530 585
280 870
644 449
644 619
681 548
216 390
986 381
768 91
115 802
562 969
120 76
765 495
144 562
774 707
558 418
353 730
137 533
428 12
654 806
312 66
854 766
541 282
505 317
123 890
290 521
2 31
78 231
482 353
360 392
772 784
369 334
351 1
541 241
232 194
397 345
878 935
847 993
466 47
481 680
407 128
780 880
678 624
601 554
573 252
209 108
635 504
419 930
641 753
552 41
424 530
615 445
564 238
893 752
419 566
22 726
375 738
199 657
755 832
794 268
776 783
545 309
582 423
971 936
309 257
76 524
314 700
258 577
740 176
491 472
887 981
84 698
986 589
867 194
374 362
904 893
802 584
608 332
174 969
925 879
17 303
518 104
42 305
443 367
763 934
730 962
927 556
121 842
189 960
796 166
11 749
710 626
452 262
399 834
364 160
221 297
455 838
247 871
70 411
952 22
25 42
926 736
638 867
371 573
21 30
102 923
781 105
748 791
328 633
38 457
595 307
443 469
942 659
380 309
921 818
661 95
790 455
593 460
228 212
212 622
930 388
987 919
35 546
885 311
940 377
799 968
692 924
788 648
975 913
872 494
321 931
308 788
613 953
216 449
254 487
143 527
98 38
922 187
635 206
508 969
233 416
218 895
827 583
555 314
349 151
389 833
528 787
670 466
449 254
170 33
571 1
420 937
976 164
807 798
655 459
131 167
940 764
433 435
107 363
366 676
864 664
774 192
466 6
176 373
255 117
225 386
423 3
695 503
754 346
348 149
439 846
245 464
550 444
536 324
788 186
663 546
276 918
371 989
154 128
925 554
661 549
390 176
398 16
972 704
223 5
247 340
549 32
552 220
950 892
648 613
721 81
760 521
984 873
444 703
873 814
144 905
217 197
680 747
592 637
76 838
151 515
885 548
522 558
9 62
180 118
558 756
175 196
985 200
913 686
455 137
475 896
293 137
906 74
198 992
235 118
422 555
918 263
24 151
764 294
145 275
845 472
582 817
905 890
543 491
302 337
678 220
365 4
848 827
439 610
724 732
370 342
512 927
639 377
862 750
309 18
577 963
514 363
111 860
310 612
683 833
408 909
894 429
676 864
678 691
293 671
6 614
25 818
394 217
838 195
34 32
877 284
661 560
224 670
560 979
281 585
691 693
805 208
611 330
223 421
883 169
657 473
6 356
527 249
548 751
898 116
900 461
57 566
975 70
762 523
325 413
533 920
823 889
111 502
546 894
870 678
884 51
223 121
818 84
274 930
612 901
114 536
777 680
957 810
894 479
254 894
664 641
311 635
777 569
79 58
136 281
10 168
104 216
1 653
41 599
912 692
269 489
732 268
753 657
37 168
792 574
629 692
602 413
694 880
327 377
147 674
599 345
31 362
306 855
951 915
236 719
438 706
627 883
500 116
907 419
732 815
258 901
284 645
269 482
165 876
964 663
408 559
170 946
482 439
174 463
400 903
585 484
677 374
877 114
110 457
348 793
209 806
812 441
56 186
402 529
494 833
443 689
596 489
319 441
985 904
621 287
439 476
89 361
259 67
596 675
281 242
352 253
372 991
640 108
328 51
400 736
718 352
353 29
225 832
10 726
892 389
834 167
956 215
521 73
765 311
752 143
310 348
120 882
24 42
596 827
812 648
444 101
12 571
410 401
50 904
220 549
47 286
414 456
34 801
643 981
145 738
168 543
103 87
287 156
933 516
163 985
168 300
863 576
43 962
134 74
227 779
139 726
269 142
363 545
568 845
479 896
462 61
355 69
340 601
783 985
64 422
502 7
247 655
360 636
1 960
136 429
235 348
882 560
955 785
977 502
691 631
29 356
70 430
937 475
183 730
262 348
763 819
768 753
61 71
863 482
355 219
837 361
73 98
666 406
539 234
344 588
366 194
664 277
811 422
776 729
905 480
267 478
693 475
642 619
946 530
176 473
917 558
607 747
497 147
904 695
942 467
992 299
948 672
533 169
183 352
887 358
450 497
752 171
700 798
204 570
596 276
887 834
897 892
664 214
520 176
334 477
429 876
544 613
692 918
970 80
664 69
540 104
560 732
546 460
909 179
530 223
380 794
109 511
221 688
541 808
197 242
435 786
701 149
537 160
881 188
235 582
242 556
370 2
354 671
444 572
194 884
244 687
930 777
954 772
821 58
182 877
375 680
42 614
888 228
961 242
12 638
52 677
539 221
479 604
80 742
561 328
689 294
44 818
257 47
847 198
321 455
835 400
86 266
399 954
832 442
613 747
636 407
328 979
292 185
298 759
830 697
467 715
29 208
819 895
806 296
882 505
330 10
590 499
442 576
369 608
598 804
329 882
439 216
320 470
191 481
822 283
308 194
445 951
46 32
124 768
794 411
380 807
442 728
206 592
137 692
402 176
214 442
606 843
845 689
609 851
225 679
180 816
797 317
430 890
826 724
793 548
294 102
306 550
352 291
189 602
355 814
748 687
808 876
572 458
685 304
575 721
944 59
514 184
345 471
628 251
829 667
323 640
128 455
813 594
708 671
819 948
450 969
717 874
856 976
472 985
442 295
192 322
393 199
948 460
596 318
317 352
943 203
311 838
386 100
49 115
44 648
924 63
29 551
265 801
177 903
878 306
509 618
295 793
522 504
596 615
389 122
581 923
912 921
585 743
289 190
844 341
40 398
927 816
69 13
383 824
332 459
296 15
16 747
883 787
963 446
376 772
28 917
170 284
886 309
447 358
602 315
470 118
92 989
628 756
991 399
479 529
265 446
855 769
767 574
348 83
130 154
28 277
423 917
462 656
598 406
232 225
654 729
987 985
647 319
864 878
10 375
908 650
68 193
859 189
933 670
273 456
238 42
94 239
701 349
321 302
323 606
178 327
735 98
543 99
408 779
852 507
693 825
196 359
786 460
164 328
771 416
863 206
371 814
382 963
249 667
839 266
548 568
721 36
166 974
958 859
12 121
625 11
990 797
297 459
585 741
124 172
507 28
842 169
112 49
438 377
900 521
958 181
447 485
126 598
143 582
404 710
93 98
559 816
817 836
901 688
287 966
14 778
164 521
517 944
863 393
98 350
550 205
335 889
593 91
47 77
285 338
490 618
531 272
457 713
830 828
647 123
539 893
181 146
509 805
424 889
421 932
616 972
362 908
607 315
627 546
187 881
902 237
320 286
449 190
343 493
610 508
417 211
627 214
149 268
351 832
782 906
507 340
753 810
523 128
819 387
804 920
825 936
330 771
990 184
823 689
167 254
106 765
159 287
240 422
848 618
192 974
890 29
400 52
284 41
882 307
727 626
47 58
110 165
863 670
994 347
882 125
961 218
28 975
571 808
910 47
954 77
774 336
28 196
378 570
468 641
112 482
239 42
725 65
318 874
766 979
319 552
877 596
803 836
864 508
96 86
521 27
23 48
3 790
326 52
838 479
971 282
932 144
605 678
517 805
207 583
6 388
482 148
875 570
640 400
350 466
852 699
64 769
964 252
858 411
731 327
952 17
367 650
669 321
230 101
906 347
96 220
778 459
190 768
194 146
249 562
358 897
966 426
752 349
393 781
91 774
667 260
172 573
928 291
855 856
966 453
791 895
331 894
522 839
30 566
622 44
143 936
131 413
114 776
117 556
392 869