926 955
827 771 -626
24 443 -842
381 66 -385
770 502 -419
43 142 -611
708 886 440
483 394 909
296 25 -362
111 44 395
783 482 -327
488 616 257
340 796 -365
620 44 436
187 243 -821
744 268 786
584 40 343
602 310 -424
781 613 147
892 919 501
425 40 -836
292 785 -423
309 416 13
234 301 -399
411 689 -434
608 606 517
789 629 -586
800 757 365
92 520 463
664 754 -629
180 314 163
298 297 502
76 752 -368
918 380 259
75 609 -813
29 738 921
12 181 996
851 135 921
839 456 -531
428 532 -384
256 500 -489
293 728 -275
924 505 334
108 623 410
848 355 -770
505 694 189
295 296 643
582 901 155
688 625 500
851 709 560
15 525 717
397 87 543
76 690 -122
392 795 -845
914 890 516
859 860 -214
883 75 -635
836 226 -460
240 290 -152
478 265 -174
497 721 658
76 572 397
194 464 -232
395 278 626
663 294 524
227 784 -753
867 87 -434
165 557 59
418 197 794
763 819 -617
15 159 -986
74 327 805
326 535 -90
327 846 -717
441 818 195
359 216 263
571 572 388
91 787 -755
591 798 -207
474 772 724
148 538 -591
260 40 -246
42 483 908
48 79 -765
891 612 606
631 86 922
371 203 286
437 201 712
56 482 -568
85 34 -862
735 867 -531
716 740 596
119 679 -657
160 263 677
732 108 -656
277 602 -94
20 784 656
825 712 784
898 911 -783
578 331 812
699 539 519
759 427 -563
199 318 -612
13 514 -932
860 303 437
249 822 -422
698 416 25
889 597 -599
768 753 -255
381 777 -246
181 601 484
531 499 -554
297 400 -905
404 889 582
768 388 -262
575 406 -762
67 429 -311
884 396 750
751 834 -154
51 878 -846
908 108 -964
859 654 -466
806 224 -639
546 920 961
380 741 -765
287 850 566
712 621 -211
453 891 -605
595 76 -134
828 217 697
647 602 898
294 461 77
673 275 -2
469 870 60
158 641 -181
215 723 -905
686 245 -393
565 24 -186
573 160 -163
616 279 891
113 785 893
858 358 852
397 728 566
453 60 31
891 839 814
645 686 -343
438 610 655
86 9 -241
322 385 -811
667 615 -225
145 341 740
602 801 422
832 95 225
260 38 756
844 383 776
171 662 1000
529 519 -499
42 212 -232
566 735 -92
439 355 -84
35 711 203
562 101 854
185 881 -679
581 802 -725
570 15 -531
110 661 -316
900 684 89
808 418 798
919 287 -105
861 904 -270
336 418 -709
23 1 -386
451 164 -220
500 147 543
765 22 -499
94 447 102
369 298 705
371 858 971
617 643 -624
367 126 -702
17 152 23
312 156 -823
431 745 -542
130 307 691
52 407 129
466 869 624
825 439 -875
700 424 -600
904 668 747
801 864 -787
90 184 16
87 917 706
388 175 -74
85 238 -41
896 820 -874
88 729 -612
629 825 -173
798 285 -309
60 461 -164
359 404 -485
384 321 528
325 622 -386
783 429 954
312 839 -533
368 626 587
114 368 -3
193 416 -354
573 866 -142
782 764 745
897 82 187
821 33 461
416 170 -489
821 492 69
501 155 426
280 659 549
619 893 -851
851 116 520
463 734 -384
419 61 -711
693 659 241
854 324 372
60 314 133
26 502 552
138 921 45
222 45 -362
315 275 -625
277 283 -941
143 78 611
780 428 975
291 146 -326
724 354 -751
228 905 343
732 292 599
427 631 624
834 437 -704
151 824 901
924 259 290
98 447 833
591 884 568
263 201 965
585 46 -847
360 344 -445
657 727 -505
648 121 577
751 404 455
659 895 851
894 564 -791
591 839 -597
648 555 -295
727 295 884
190 111 776
895 4 781
495 839 -381
127 807 879
256 887 555
525 627 295
867 793 330
401 737 -178
287 467 -672
751 500 108
836 463 -791
131 422 88
556 15 861
280 477 -344
387 595 394
406 189 15
846 25 -28
16 882 -168
661 784 190
574 117 176
767 843 368
815 716 -99
627 727 -985
618 444 -537
761 123 850
48 404 -716
895 22 -757
123 722 -167
571 342 920
337 586 -16
781 253 600
466 692 -839
492 307 633
636 923 689
89 678 -797
101 709 -775
770 371 739
323 123 600
626 177 528
895 297 702
271 889 -133
66 127 999
14 627 652
274 284 472
525 604 721
35 871 -717
470 759 872
339 735 -201
268 168 -499
375 684 -619
330 35 695
650 652 136
513 131 -529
169 615 72
594 454 162
710 334 -13
426 866 -586
314 377 -638
42 881 -465
925 887 22
93 613 -118
892 425 -3
398 295 -381
77 11 -764
446 452 408
120 309 -465
917 407 125
762 257 -664
243 852 -25
32 513 -503
442 728 581
37 304 457
827 799 716
567 173 -977
542 101 -271
687 333 -711
209 381 -794
789 447 998
647 348 -586
73 745 738
764 726 695
326 678 -312
809 369 64
874 434 379
691 2 -799
223 79 991
915 682 -866
601 897 -175
761 571 96
325 223 236
662 559 -111
297 652 210
285 562 -641
257 259 -20
783 673 -179
86 503 -76
456 376 -534
88 874 909
826 836 989
377 391 -506
399 359 -131
815 213 700
795 440 218
806 577 -68
5 144 882
457 524 -161
609 193 43
514 558 917
495 815 270
190 536 -27
376 94 -43
83 434 420
263 835 805
264 791 -337
402 302 353
445 795 -128
809 459 957
648 666 -504
662 877 736
567 812 -451
440 860 802
365 657 266
607 242 243
550 167 173
744 504 108
421 825 699
614 140 -367
661 533 675
134 223 787
196 191 422
311 710 160
614 40 592
773 307 851
633 64 549
801 254 314
2 766 -505
86 421 -719
814 638 -170
274 380 357
56 146 -630
551 18 572
583 787 -915
265 379 -862
320 17 274
797 151 -943
293 201 -14
385 29 403
187 468 33
557 580 -695
794 743 253
534 591 -602
925 704 254
654 362 -800
922 631 -31
208 32 -339
389 627 299
925 248 -131
500 677 -714
658 203 -111
842 239 -150
892 533 957
518 851 -386
910 669 -879
142 286 -195
446 309 763
152 684 -215
217 832 146
120 478 -441
61 659 325
520 500 -473
64 538 -534
434 610 13
96 610 -719
297 920 145
795 36 869
66 586 -272
379 471 -34
168 49 -506
652 878 812
617 798 -424
510 346 -288
501 851 38
82 646 955
648 288 -775
339 398 -242
710 233 869
525 649 -858
113 255 -446
493 571 -898
668 465 -265
425 558 59
735 622 342
169 361 600
615 728 117
463 482 -978
660 518 446
802 779 28
566 420 790
881 198 -82
533 8 366
921 274 895
99 886 -230
733 794 311
403 162 -732
580 375 -888
742 455 -344
118 807 46
654 750 977
651 599 531
738 516 475
142 811 292
694 731 -767
297 157 292
755 663 -643
385 845 993
144 553 267
388 207 819
923 152 391
733 147 181
606 300 289
898 764 -339
493 167 -796
264 202 641
375 231 308
752 844 -655
666 747 594
123 114 879
620 739 -348
754 802 -525
92 635 -439
180 369 -922
837 865 156
348 52 480
925 227 -27
436 414 -100
580 457 789
344 484 -951
814 591 -851
656 536 834
832 438 -490
621 854 -374
769 115 366
42 847 928
271 106 -998
862 921 198
681 825 -200
158 189 810
711 855 283
752 764 714
673 486 -621
232 195 476
150 109 -902
155 368 -713
195 760 284
258 558 93
84 871 338
21 877 341
262 786 -842
926 518 524
609 402 526
583 453 -941
700 357 -294
273 180 -409
754 470 -249
236 717 935
722 508 420
542 869 -534
484 469 51
659 534 281
89 244 -240
175 218 675
847 417 23
832 598 -188
516 829 591
652 859 371
770 795 -489
864 378 -999
772 236 -760
849 887 797
128 125 271
185 807 529
917 7 -234
882 815 688
599 400 -647
362 691 471
843 370 -352
365 7 -298
4 753 -708
627 508 826
743 292 357
484 856 166
856 476 581
827 263 -146
296 195 -628
128 522 16
390 779 -639
882 111 921
700 558 621
530 417 -83
322 88 -129
312 235 140
344 499 -118
850 46 -992
26 79 -274
229 825 48
555 426 523
365 722 -814
106 89 -357
526 735 671
861 184 723
524 244 853
57 574 -834
841 370 96
350 465 85
137 397 449
694 772 -751
718 262 -702
573 872 -738
845 300 -583
376 187 -227
732 547 874
150 261 -702
425 797 -870
150 339 -114
869 274 457
892 687 -509
92 469 714
111 491 -604
317 397 182
803 735 645
73 11 -53
668 174 -24
787 547 508
48 674 -106
6 526 -491
586 189 122
627 524 -677
382 660 -567
330 914 845
294 367 715
163 15 -427
678 454 -737
631 545 334
391 805 -219
8 482 422
899 905 441
847 65 -737
809 712 -599
727 643 743
481 900 246
296 251 677
110 740 -872
26 664 -823
754 922 -188
918 824 -494
905 891 957
378 261 -973
759 156 -488
208 681 -177
281 499 825
181 361 352
176 586 -267
458 621 955
914 526 957
361 539 -978
323 239 -291
424 514 -130
320 140 -307
305 846 440
355 625 -820
439 905 -478
442 215 -225
672 530 -51
731 839 -666
485 771 -76
8 393 -282
432 806 -66
326 287 117
466 225 -491
421 718 -261
183 779 -73
27 698 -277
610 155 172
814 532 966
221 568 267
441 289 -987
914 367 -868
763 597 -392
543 461 -410
358 130 -792
291 349 345
880 288 -194
307 589 -200
371 886 -196
855 90 508
429 55 -628
566 343 -517
261 904 -558
522 441 717
686 710 277
397 109 -452
139 610 -673
489 806 -578
452 500 -604
878 123 -71
411 392 -1000
695 644 -837
721 437 -501
258 449 506
658 393 -835
69 510 -54
749 146 21
445 468 -175
219 394 -393
861 31 501
496 812 -517
326 73 -604
83 681 323
304 319 659
576 388 -839
245 849 -646
590 827 -874
233 330 -444
170 608 -826
845 890 -432
838 100 677
687 126 764
426 7 173
826 662 589
786 391 397
886 433 246
565 572 767
905 447 -294
145 586 950
620 152 380
391 763 72
826 633 602
89 624 969
42 257 -540
859 517 -510
915 279 -218
615 577 -120
73 414 -295
781 433 -67
113 16 -109
856 861 952
590 845 -606
277 156 372
258 682 18
639 155 -507
863 171 -400
143 692 -149
625 133 -998
258 538 306
888 133 -821
335 616 -118
272 374 601
255 208 615
365 537 -129
780 101 -113
871 887 823
137 313 -964
807 689 378
165 426 -787
363 417 -961
688 25 -540
153 843 -420
441 386 494
212 7 -409
831 666 -942
470 241 -727
331 402 604
791 160 714
522 918 -117
645 744 -18
778 708 -106
422 139 270
638 292 -960
273 211 -636
92 780 -891
557 365 143
173 533 -992
482 357 330
809 292 1
732 715 908
76 158 121
718 547 -634
338 852 -259
342 887 -265
68 713 970
699 206 354
524 559 -325
416 375 521
736 164 -91
58 346 414
3 801 179
359 759 -893
109 448 856
524 268 -453
630 138 -3
925 635 -118
813 763 275
853 540 893
398 511 -794
449 883 -81
727 649 39
547 654 759
47 336 181
266 234 501
744 87 -305
401 215 575
1 402 841
20 799 -366
203 234 -999
795 211 431
633 210 765
380 437 810
624 76 -337
164 666 -898
650 872 220
50 691 404
512 232 -912
859 394 -577
572 2 57
636 835 -436
112 356 -21
446 254 -995
364 665 -152
454 511 903
485 480 -52
691 389 -456
632 529 70
317 310 -545
668 208 -864
651 805 -547
304 729 -343
773 159 16
185 181 959
920 235 617
459 190 326
647 818 -454
768 216 -723
206 357 -53
88 38 117
742 163 518
557 103 66
225 1 -252
304 628 729
105 344 -675
817 737 375
887 726 479
596 561 359
475 389 -396
83 132 818
164 825 148
661 690 -441
526 96 295
742 915 -381
383 684 -929
876 113 985
136 767 98
866 8 891
849 468 305
654 466 -301
37 352 260
271 924 856
268 351 -372
288 399 579
313 131 172
619 888 673
416 620 -101
478 113 -627
695 428 -890
539 350 75
380 139 479
627 247 -206
873 409 -841
254 499 661
832 791 932
241 779 897
324 109 -473
155 638 -65
832 564 -453
322 891 -401
746 876 -873
701 525 -103
133 284 709
743 78 -844
411 486 666
687 721 376
472 914 -607
674 28 -618
294 572 -631
586 697 735
571 141 472
414 211 149
770 133 451
419 159 -925
135 626 -437
177 667 35
160 450 960
23 410 380
343 544 -497
768 136 -673
141 320 -445
143 234 -169
609 538 -57
2 757 687
83 707 -354
36 629 533
442 19 -405
232 256 -286
367 909 572
349 92 -123
36 522 531
237 292 767
203 675 929
573 591 898
828 297 176
455 526 57
4 748 -395
497 624 154
327 638 -731
286 163 -306
739 438 -475
709 923 826
455 699 755
186 790 43
722 736 -344
114 335 98
616 580 -314
306 516 389
442 463 -511
143 659 525
27 289 292
656 259 828
279 513 534
641 469 566
785 793 -908
899 545 -692
824 88 -787
208 896 436
73 821 -326
834 514 578
668 752 123
618 904 42
113 150 873
369 109 159
362 115 -232
423 714 -16
626 276 381
854 917 -153
290 181 74
736 848 592
375 313 813
514 727 -583
852 471 675
665 644 -489
15 404 75
659 863 -177
737 831 -461
896 170 8
361 165 223
653 439 -730
114 408 -431
158 146 98
345 437 -960
302 673 376
457 650 302
547 519 145
776 117 -266
433 825 431
431 97 159
567 239 171
70 407 -375
864 407 -484
889 223 2
786 654 360
613 484 -783
771 893 87
346 590 337
814 619 -283
568 188 -800
138 658 -310
115 77 248
125 86 57
293 487 652
360 35 -721
258 598 334
209 139 890
527 65 416
896 284 706
265 448 877
590 805 811
764 263 280
221 150 -200
740 179 249
158 275 -973
340 787 279
171 311 522
924 926 527
526 72 -804
478 454 594
49 65 451
716 172 -999
651 440 493