396.29982298
533.35873298
604.39584298
719.42278298
905.50209298
1033.59705298
1161.69201298
1347.77132298
1533.85063298
1719.92994298
1850.97043298
1950.03884298
2113.10217298
2184.13928298
2298.18221298
2412.22514298
2509.27790298
2624.30484298
2681.32630298
2780.39471298
2883.40390298
2997.44683298
3153.54794298
3252.61635298
3339.64838298
3396.66984298
3533.72875298
3680.79716298
3777.84992298
3906.89251298
4019.97657298
4167.04498298
4224.06644298
4352.16140298
4481.20399298
4628.27240298
4699.30951298
4830.35000298
4944.39293298
5045.44061298
5201.54172298
5329.63668298
5443.67961298
5599.78072298
5746.84913298
5893.91754298
6079.99685298
6266.07616298
6379.16022298
6507.25518298
6635.35014298
6734.41855298
6831.47131298
6960.51390298
7059.58231298
7172.66637298
7328.76748298
7484.86859298
7647.93192298
7795.00033298
7910.02727298
8057.09568298
8156.16409298
8270.20702298
8327.22848298
8442.25542298
8628.33473298
8729.38241298
8860.42290298
9046.50221298
9232.58152298
9360.64010298
9447.67213298
9610.73546298
9709.80387298
9838.84646298
9895.86792298
10023.962883
10187.026213
10350.089543
10497.157953
10596.226363
10711.253303
10798.285333
10927.327923
11083.429033
11196.513093
11310.556023
11439.598613
11567.693573
11680.777633
11866.856943
11979.941003
12080.988683
12209.083643
12340.124133
12455.151073
12552.203833
12738.283143
12851.367203