807 998
593 389
640 588
782 693
256 402
515 333
487 428
38 124
635 594
779 527
15 93
780 230
93 599
370 563
721 345
238 85
346 525
677 631
156 761
550 400
793 220
380 37
742 201
108 220
393 161
138 760
89 293
427 713
386 334
392 691
591 284
246 296
409 773
300 554
489 583
304 114
473 124
612 64
668 466
101 639
342 525
695 145
691 775
718 781
440 292
227 136
509 1
173 60
604 84
339 172
416 388
742 113
196 659
499 639
692 492
69 458
474 631
632 123
800 56
69 55
462 691
462 526
184 598
601 360
736 584
268 105
58 473
89 191
753 146
463 119
397 739
102 619
200 374
264 331
604 444
28 681
237 709
432 764
516 543
756 132
318 216
187 343
714 645
221 655
780 448
464 342
370 549
421 659
45 454
566 777
702 778
444 273
453 594
231 488
21 685
358 617
531 529
408 445
181 32
390 70
586 193
333 282
332 711
422 266
573 412
488 41
479 763
746 398
731 778
35 115
761 335
168 49
51 10
8 69
82 52
404 187
424 547
667 270
773 400
248 604
577 429
680 21
731 358
528 188
800 683
233 620
293 721
389 159
160 469
171 674
671 293
781 443
102 515
801 453
347 209
541 632
725 139
245 583
677 104
486 371
644 298
714 502
49 636
131 352
548 257
44 358
531 709
48 673
228 762
752 154
441 308
107 216
265 325
337 124
119 685
329 538
13 374
422 196
147 61
473 79
282 777
120 643
156 164
424 157
737 348
507 681
186 339
68 766
149 537
254 780
112 400
690 761
645 656
636 797
530 709
805 615
807 312
19 667
209 575
177 67
148 667
628 136
629 6
147 330
446 41
719 634
687 245
194 200
253 203
319 411
747 401
194 569
229 161
24 662
563 129
435 171
503 594
239 556
399 694
504 765
38 413
111 482
254 579
33 366
417 580
264 681
784 679
458 398
274 82
61 174
167 413
355 718
240 513
387 9
791 559
72 102
266 466
304 167
591 337
358 210
268 737
432 554
345 644
786 98
683 706
35 609
363 156
592 764
180 138
678 322
313 116
680 401
157 258
502 353
336 172
197 388
128 250
254 725
542 596
144 744
254 125
726 339
496 352
64 295
280 311
766 403
411 607
496 435
102 357
28 600
657 722
638 363
26 750
139 311
558 260
185 217
168 127
367 413
780 235
263 637
310 671
308 334
257 98
622 683
474 609
401 327
685 462
701 650
382 758
241 311
787 719
292 151
57 571
639 375
637 792
34 472
328 699
588 470
668 94
496 75
778 790
47 760
391 79
303 153
223 164
104 75
422 128
147 206
800 113
724 445
387 416
215 21
791 722
132 259
194 514
70 735
431 197
654 25
464 103
795 139
491 59
267 49
332 65
176 420
663 316
494 804
725 381
441 141
642 432
80 718
574 391
113 235
409 305
253 671
480 150
340 505
264 354
524 562
652 474
646 672
239 43
361 528
481 211
111 712
436 581
118 523
780 599
714 482
713 121
686 331
121 779
640 91
187 471
728 496
314 622
176 715
30 620
103 604
764 492
244 731
628 189
100 519
100 212
99 428
489 445
67 736
213 626
175 757
508 406
696 399
483 533
623 93
119 370
460 154
732 679
75 397
368 10
296 311
291 173
126 628
708 687
570 579
250 34
83 207
103 176
762 100
171 364
588 386
484 778
639 713
161 77
130 341
514 643
234 529
525 263
9 748
552 583
66 718
83 1
262 737
335 314
89 477
314 219
277 304
749 760
47 377
89 550
244 52
569 125
78 24
665 608
90 324
654 309
229 700
29 25
657 351
787 660
237 587
738 551
362 424
468 533
146 760
422 97
523 496
162 491
121 506
180 294
741 392
752 339
74 291
743 102
32 1
539 343
5 196
439 191
763 760
620 346
390 185
274 498
470 673
706 65
468 160
151 131
83 108
43 347
150 733
262 382
226 37
414 506
553 769
521 15
490 615
716 364
567 290
615 407
173 326
632 611
236 164
150 678
656 437
203 313
599 312
259 539
562 385
572 344
700 261
289 437
453 452
566 375
646 765
331 519
790 620
198 225
137 515
680 181
607 79
274 324
359 644
92 141
487 414
200 125
728 591
552 47
678 748
492 279
57 790
167 802
726 788
516 262
384 719
341 539
492 301
44 376
706 142
12 555
388 754
646 532
559 296
343 153
632 618
757 760
790 104
540 347
746 197
439 389
611 32
747 348
11 73
400 2
419 648
620 434
532 519
555 82
114 730
257 640
804 262
26 95
664 488
652 801
201 404
319 498
745 605
465 174
774 193
735 325
551 647
382 342
126 188
4 663
453 751
472 685
769 87
105 287
152 621
211 128
48 391
153 503
266 741
557 471
265 782
443 693
253 190
169 661
258 309
562 800
569 582
559 106
685 422
365 478
612 571
137 799
616 497
50 459
497 292
98 378
301 598
769 437
738 654
709 133
400 31
541 737
14 499
559 141
529 256
212 302
700 148
758 477
625 413
331 56
18 629
739 14
127 180
513 533
269 781
462 350
181 375
314 195
565 148
84 544
557 702
235 698
68 409
63 575
451 102
525 169
549 631
179 683
736 316
315 32
31 443
371 211
195 109
805 774
708 306
310 209
320 653
628 221
190 291
565 324
297 766
51 803
363 82
608 709
665 547
510 568
343 510
589 567
226 370
290 127
740 143
520 788
794 575
690 435
613 693
160 607
657 119
129 362
425 536
431 549
607 766
564 411
683 208
80 299
26 806
660 377
668 624
181 225
170 234
393 118
254 221
637 417
158 657
33 275
287 504
750 640
90 401
163 125
39 572
98 419
490 381
660 113
110 168
266 2
31 636
699 733
754 288
79 537
284 285
268 711
589 339
299 797
109 678
198 564
444 737
11 14
577 807
458 594
560 371
8 548
444 146
738 302
642 402
450 523
49 20
272 252
144 662
498 253
69 698
67 408
482 367
754 747
462 8
325 393
644 147
580 515
236 187
598 698
624 195
781 716
3 296
743 339
393 510
399 107
261 374
167 736
467 357
386 218
473 32
321 568
595 420
212 419
521 386
171 204
804 623
375 477
242 763
597 516
605 517
124 610
84 348
217 174
270 125
24 41
554 456
15 342
191 165
341 794
233 609
508 368
345 454
249 472
363 124
177 417
55 9
405 520
406 764
265 290
323 164
522 546
697 298
521 205
776 664
527 791
682 24
83 506
185 755
614 511
478 209
164 539
30 568
777 618
541 30
588 593
208 122
746 257
256 62
21 498
284 750
127 43
94 666
654 176
623 447
1 186
264 320
82 4
216 121
145 538
415 118
408 631
334 174
403 631
121 547
700 263
594 385
601 74
293 746
423 559
242 159
329 271
679 204
738 507
339 442
51 203
552 713
416 43
176 256
638 159
725 389
517 704
768 68
189 413
579 8
442 698
225 122
570 156
635 528
666 424
107 186
325 783
701 664
777 18
163 359
734 665
484 144
325 509
213 504
185 374
647 148
519 406
269 301
516 8
699 205
52 669
462 396
365 231
625 492
527 585
440 609
88 405
188 230
456 516
278 666
451 620
485 473
782 403
155 178
581 103
589 805
118 773
297 554
434 528
86 306
252 97
289 233
251 69
642 398
386 251
566 32
577 281
233 749
677 772
157 359
471 694
100 592
487 755
241 803
746 193
153 757
302 585
638 411
702 161
661 303
228 147
628 661
434 696
578 226
708 433
3 386
488 712
637 713
508 192
254 19
573 697
174 262
525 107
702 26
549 57
199 579
580 708
147 470
324 110
72 31
510 666
252 187
351 217
79 452
50 28
267 426
722 366
93 125
375 563
431 436
722 549
254 616
243 98
71 53
138 791
413 399
624 781
538 473
187 224
747 369
465 390
624 618
548 563
301 739
265 104
650 486
502 225
507 205
653 294
358 633
781 402
744 303
451 221
359 168
790 213
74 208
739 24
798 34
415 221
787 92
274 706
50 184
135 294
6 803
440 206
639 765
90 489
82 233
493 315
493 501
429 768
432 220
282 120
202 5
776 332
411 184
117 155
336 733
676 718
766 470
461 550
774 587
233 107
493 253
267 373
645 344
81 507
303 594
577 767
402 503
496 486
784 267
709 490
474 502
165 45
800 423
770 503
48 22
558 138
724 233
293 512
221 772
659 609
706 112
480 442
163 335
796 255
478 99
324 577
130 289
730 610
534 749
326 496
123 177
123 68
468 70
152 268
521 645
106 125
673 587
292 801
589 139
262 51
387 291
183 362
375 403
497 106
427 302
280 364
779 668
110 248
517 600
555 285
13 348
441 353
577 605
376 769
503 262
99 405
251 480
307 434
703 387
55 330
471 412
215 622
758 160
408 345
286 796
293 666
709 245
766 640
695 493
114 10
675 280
378 139
741 676
179 585
258 665
342 397
342 340
376 16
496 695
419 799
791 782
666 414
375 379
562 547
68 646
92 498
416 475
396 724
103 367
79 244
687 515
150 726
223 305
174 571
540 637
242 175
757 490
661 197
260 771
227 663
450 79
473 693
555 621
514 570